event_id	SRR1513329_Sample1	tpm1_sample1	tpm2_sample1	PSI_original_sample1	PSI_switched_sample1	DeltaPSI_sample1	SRR1513330_Sample1	tpm1_sample2	tpm2_sample2	PSI_original_sample2	PSI_switched_sample2	DeltaPSI_sample2	SRR1513331_Sample1	tpm1	tpm2	PSI_original	PSI_switched	DeltaPSI	gene	meanDeltaPSI	significant	event_type
FLVCR1-AS1;A3:chr1:213030514-213031108:213030260-213031108:-	0.186078404664	0.23	1.5	0.132947976878613	0.867052023121387	0.734104046242775	0.16929136824	0.35	2.44	0.125448028673835	0.874551971326165	0.74910394265233	0.310819808085	0.66	1.4	0.320388349514563	0.679611650485437	0.359223300970874	FLVCR1-AS1	0.614143763233333	TRUE	A3
PRR13;A3:chr12:53836517-53837175:53836517-53837325:+	0.985189475075	271.64	4.89	0.982316566014537	0.0176834339854627	-0.964633132029075	0.986638173834	261.8	4.56	0.982880312359213	0.0171196876407869	-0.965760624718426	0.988945973928	272.49	4.27	0.984571469865588	0.0154285301344125	-0.969142939731175	PRR13	-0.966512232233333	TRUE	A3
GSTCD;A5:chr4:106639196-106640217:106638935-106640217:+	0.5853784	3.94	3	0.5677233	0.4322767	-0.1354467	0.7023199	6.57	3.21	0.6717791	0.3282209	-0.3435583	0.727806	6.68	2.93	0.6951093	0.3048907	-0.3902185	GSTCD	-0.2897412	TRUE	A5
PLB1;A3:chr2:28755061-28761153:28755061-28761186:+	0	0	0.17	0	1	1	0	0	0.19	0	1	1	0	0	0.23	0	1	1	PLB1	1	TRUE	A3
SLC39A11;A5:chr17:70845943-70943870:70845943-70943891:-	0.455067000637	3.29	3.5	0.484536082474227	0.515463917525773	0.0309278350515463	0.24547087879	1.84	5.62	0.246648793565684	0.753351206434316	0.506702412868633	0.121100905023	1.08	7.67	0.123428571428571	0.876571428571429	0.753142857142857	SLC39A11	0.430257701633333	TRUE	A5
DLG4;A3:chr17:7107386-7107518:7107377-7107518:-	0.0826436997278	0.68	9.28	0.0682730923694779	0.931726907630522	0.863453815261044	0.0626821297877	0.76	9.69	0.0727272727272727	0.927272727272727	0.854545454545454	0.088772552109	0.89	10.19	0.0803249097472924	0.919675090252708	0.839350180505415	DLG4	0.852449816833333	TRUE	A3
SRSF5;A5:chr14:70234097-70234855:70233968-70234855:+	0.477580534632	21.4	75.28	0.221348779478693	0.778651220521307	0.557302441042615	0.474252613964	19.49	79.24	0.197407069786286	0.802592930213714	0.605185860427428	0.526888463048	25.4	74.33	0.254687656673017	0.745312343326983	0.490624686653966	SRSF5	0.5510376628	TRUE	A5
LINC01011;A3:chr6:2988265-2988662:2988265-2989762:+	0.159311993698	0.06	0.86	0.0652173913043478	0.934782608695652	0.869565217391304	0.135293138664	0.1	1.45	0.0645161290322581	0.935483870967742	0.870967741935484	0.203918183825	0.1	1.36	0.0684931506849315	0.931506849315068	0.863013698630137	LINC01011	0.867848885966667	TRUE	A3
TTC19;A5:chr17:15903696-15905229:15903559-15905229:+	0.120196069515	3.54	29.91	0.105829596412556	0.894170403587444	0.788340807174888	0.0943876670091	3	34.07	0.0809279741030483	0.919072025896952	0.838144051793903	0.0718187450383	1.9	31.92	0.0561797752808989	0.943820224719101	0.887640449438202	TTC19	0.838041769266667	TRUE	A5
DOHH;A5:chr19:3496884-3500531:3496884-3500559:-	0.133097741839	19.36	33.25	0.367990876259266	0.632009123740734	0.264018247481467	0	11.08	34.9	0.240974336668117	0.759025663331883	0.518051326663767	0.202447598128	19.03	29.18	0.394731383530388	0.605268616469612	0.210537232939224	DOHH	0.330868935566667	TRUE	A5
CDC37L1-AS1;A5:chr9:4676749-4679309:4676749-4679387:-	0	0	1.24	0	1	1	0	0	1.27	0	1	1	0	0	2.34	0	1	1	CDC37L1-AS1	1	TRUE	A5
FOXRED2;A5:chr22:36902470-36902959:36902470-36903056:-	0.158180258748	2.82	15.23	0.156232686980609	0.843767313019391	0.687534626038781	0.381210584523	6.81	12.22	0.357856016815554	0.642143983184446	0.284287966368891	0.173544950693	2.89	15.54	0.156809549647314	0.843190450352686	0.686380900705372	FOXRED2	0.5527344978	TRUE	A5
LINC01503;A3:chr9:132101196-132104015:132101196-132104111:+	0	0	0.72	0	1	1	0	0	0.19	0	1	1	0.416208972047	0.3	0.49	0.379746835443038	0.620253164556962	0.240506329113924	LINC01503	0.746835443	TRUE	A3
IFI27L1;A3:chr14:94547795-94563187:94547795-94563233:+	0.132127861045	1.86	27	0.0644490644490645	0.935550935550936	0.871101871101871	0.0777770465843	1.18	30.1	0.0377237851662404	0.96227621483376	0.924552429667519	0.0551063632927	0	31.17	0	1	1	IFI27L1	0.9318847669	TRUE	A3
NDUFS5;A5:chr1:39492074-39494395:39492070-39494395:+	0.0176660698459	11.24	654.16	0.0168920949804629	0.983107905019537	0.966215810039074	0.0166222514566	10.1	628.8	0.0158084207231179	0.984191579276882	0.968383158553764	0.0165309166892	10.72	639.03	0.0164986533282032	0.983501346671797	0.967002693343594	NDUFS5	0.967200553866667	TRUE	A5
DCTD;A5:chr4:183836728-183838441:183836728-183838464:-	0.409261032878	48.97	72.85	0.401986537514365	0.598013462485635	0.196026924971269	0.513982815902	63.15	59.49	0.514921722113503	0.485078277886497	-0.0298434442270059	0.486334543482	59.86	62.57	0.488932451196602	0.511067548803398	0.0221350976067958	DCTD	0.0627728596	FALSE	A5
SMEK1;A5:chr14:91939714-91942155:91939714-91942194:-	0.218964763956	15.61	40.74	0.277018633540373	0.722981366459627	0.445962732919255	0.171225338845	14.58	51.44	0.220842169039685	0.779157830960315	0.55831566192063	0.196902879809	16.13	48.21	0.250699409387628	0.749300590612372	0.498601181224744	SMEK1	0.500959858633333	TRUE	A5
CBFB;A5:chr16:67116242-67132613:67116211-67132613:+	0.543226584856	22.89	20.42	0.528515354421612	0.471484645578388	-0.0570307088432232	0.482294587551	22.76	26.36	0.463355048859935	0.536644951140065	0.0732899022801302	0.417189983364	21.56	29.9	0.418966187329965	0.581033812670035	0.16206762534007	CBFB	0.0594422727666667	FALSE	A5
SHROOM1;A3:chr5:132158820-132158942:132158805-132158942:-	0.323906638002	1.56	4.7	0.249201277955272	0.750798722044729	0.501597444089457	0.351214623664	1.49	4.15	0.264184397163121	0.735815602836879	0.471631205673759	0.408425693767	1.87	3.77	0.331560283687943	0.668439716312057	0.336879432624113	SHROOM1	0.436702694233333	TRUE	A3
PMS2;A3:chr7:6045662-6048628:6045657-6048628:-	1	1.52	5.54	0.215297450424929	0.784702549575071	0.569405099150142	0.879749832186	4.38	3.89	0.52962515114873	0.47037484885127	-0.0592503022974606	1	3.32	4.46	0.426735218508997	0.573264781491003	0.146529562982005	PMS2	0.218894786566667	TRUE	A3
UBL5;A5:chr19:9938740-9939003:9938660-9939003:+	0.100898896318	34.46	338.13	0.0924877210875225	0.907512278912478	0.815024557824955	0.103189238549	33.48	322.87	0.0939525747158692	0.906047425284131	0.812094850568261	0.0925150976479	32.14	344.75	0.0852768712356391	0.914723128764361	0.829446257528722	UBL5	0.8188552222	TRUE	A5
TCTN2;A3:chr12:124156679-124158162:124156679-124158165:+	0.663316650311	2.61	1.34	0.660759493670886	0.339240506329114	-0.321518987341772	0.0659290389672	0.01	4.71	0.00211864406779661	0.997881355932203	0.995762711864407	0.619931018131	3.23	1.35	0.705240174672489	0.294759825327511	-0.410480349344978	TCTN2	0.0879211253	FALSE	A3
NCKIPSD;A3:chr3:48719589-48719781:48719568-48719781:-	0.560581134756	11.87	9.86	0.546249424758399	0.453750575241602	-0.092498849516797	0.461592251006	9.61	11.82	0.448436770881941	0.551563229118059	0.103126458236118	0.544000604573	12	10.3	0.538116591928251	0.461883408071749	-0.0762331838565022	NCKIPSD	-0.0218685252666667	FALSE	A3
ZNF700;A3:chr19:12036088-12057987:12036088-12057996:+	0	0	3.57	0	1	1	0	0	3.91	0	1	1	0.265127216396	0.9	3.18	0.220588235294118	0.779411764705882	0.558823529411765	ZNF700	0.852941176333333	TRUE	A3
MFSD12;A5:chr19:3551192-3557104:3551192-3557131:-	1	75.74	0	1	0	-1	1	66.37	0	1	0	-1	1	71.57	0	1	0	-1	MFSD12	-1	TRUE	A5
FAM63B;A3:chr15:59144164-59146681:59144164-59146684:+	0.662681703002	1.54	0	1	0	-1	0.634133683728	2.02	1.18	0.63125	0.36875	-0.2625	0.725706590919	1.69	0.64	0.725321888412017	0.274678111587983	-0.450643776824034	FAM63B	-0.571047925666667	TRUE	A3
PARP2;A5:chr14:20813285-20813553:20813246-20813553:+	0.016219150461	0.77	52.57	0.0144356955380577	0.985564304461942	0.971128608923884	0.0212860790918	1.12	56.16	0.0195530726256983	0.980446927374302	0.960893854748603	0.0246168343731	1.01	57.97	0.0171244489657511	0.982875551034249	0.965751102068498	PARP2	0.9659245219	TRUE	A5
SLC44A1;A3:chr9:108147783-108151314:108147783-108152185:+	0.993292625226	6.82	0.05	0.992721979621543	0.00727802037845706	-0.985443959243086	0.994014392906	8	0.05	0.993788819875776	0.0062111801242236	-0.987577639751553	0.995160825619	7.98	0.04	0.99501246882793	0.00498753117206983	-0.99002493765586	SLC44A1	-0.987682178933333	TRUE	A3
HUS1;A5:chr7:48018413-48019007:48018413-48019065:-	0.4574309	4.14	3.37	0.551265	0.448735	-0.10253	0.3671981	3.15	4.29	0.4233871	0.5766129	0.1532258	0.580669	4.79	2.54	0.6534789	0.3465211	-0.3069577	HUS1	-0.08542062	FALSE	A5
GPAM;A3:chr10:113942649-113943451:113942645-113943451:-	0.790904993532	4.57	1.21	0.790657439446367	0.209342560553633	-0.581314878892734	1	7.29	0	1	0	-1	0.999800913081	6.81	0	1	0	-1	GPAM	-0.860438293	TRUE	A3
HSPA12B;A3:chr20:3726244-3726562:3726244-3726565:+	0.0794633499886	0	0.62	0	1	1	0.0811431494568	0	0.53	0	1	1	0.086836933124	0.01	0.72	0.0136986301369863	0.986301369863014	0.972602739726027	HSPA12B	0.99086758	TRUE	A3
NCKIPSD;A3:chr3:48719589-48719781:48719568-48719781:-	0.560581134756	11.87	9.86	0.546249424758399	0.453750575241602	-0.092498849516797	0.461592251006	9.61	11.82	0.448436770881941	0.551563229118059	0.103126458236118	0.544000604573	12	10.3	0.538116591928251	0.461883408071749	-0.0762331838565022	NCKIPSD	-0.0218685252666667	FALSE	A3
C17orf58;A5:chr17:65988219-65989017:65988219-65989160:-	0.473065024167	4.21	4.9	0.462129527991218	0.537870472008782	0.0757409440175632	0.48315459007	5.62	6.6	0.459901800327332	0.540098199672668	0.0801963993453355	0.56019530385	5.05	4.52	0.527690700104493	0.472309299895507	-0.0553814002089864	C17orf58	0.0335186477666667	FALSE	A5
ARHGAP33;A3:chr19:36276385-36277315:36276385-36277798:+	0.624898	0.68	0.43	0.6126126	0.3873874	-0.2252252	0.5826409	0.67	0.52	0.5630252	0.4369748	-0.1260504	0.552628	0.55	0.49	0.5288462	0.4711538	-0.05769231	ARHGAP33	-0.1363227	FALSE	A3
ZNF234;A5:chr19:44645886-44646467:44645768-44646467:+	0	0	1.21	0	1	1	0.541209702807	1.07	0.95	0.52970297029703	0.47029702970297	-0.0594059405940595	0.631652219529	1.06	0.58	0.646341463414634	0.353658536585366	-0.292682926829268	ZNF234	0.215970377466667	TRUE	A5
INTS2;A5:chr17:60004023-60005015:60004023-60005296:-	0.212475431571	1.09	4.44	0.197106690777577	0.802893309222423	0.605786618444846	0.299445164485	1.98	6.76	0.226544622425629	0.773455377574371	0.546910755148741	0.561033112251	3.13	4.44	0.413474240422721	0.586525759577279	0.173051519154558	INTS2	0.441916297366667	TRUE	A5
CPEB3;A3:chr10:93904869-93940720:93904842-93940720:-	0.2308962	0.15	0.47	0.2419355	0.7580645	0.516129	0.5404458	0.49	0.41	0.5444444	0.4555556	-0.08888889	0.4749177	0.43	0.45	0.4886364	0.5113636	0.02272727	CPEB3	0.1499891	FALSE	A3
ZNF764;A3:chr16:30567431-30569054:30567428-30569054:-	0.660001287232	1.85	0.95	0.660714285714286	0.339285714285714	-0.321428571428572	0.110187004301	0.29	2.6	0.100346020761246	0.899653979238754	0.799307958477509	0.197043876062	0.45	2.31	0.16304347826087	0.83695652173913	0.673913043478261	ZNF764	0.383930810166667	TRUE	A3
TTC19;A5:chr17:15903696-15905229:15903559-15905229:+	0.120196069515	3.54	29.91	0.105829596412556	0.894170403587444	0.788340807174888	0.0943876670091	3	34.07	0.0809279741030483	0.919072025896952	0.838144051793903	0.0718187450383	1.9	31.92	0.0561797752808989	0.943820224719101	0.887640449438202	TTC19	0.838041769266667	TRUE	A5
MED4;A5:chr13:48664554-48669090:48664554-48669196:-	0.634238226572	13.52	7.47	0.644116245831348	0.355883754168652	-0.288232491662697	0.682761345899	15.63	7.43	0.677797051170859	0.322202948829141	-0.355594102341717	0.63987814927	14.09	7.93	0.639872842870118	0.360127157129882	-0.279745685740236	MED4	-0.307857426766667	TRUE	A5
LOC643072;A3:chr2:160471964-160472258:160471964-160472261:+	1	0.51	0	1	0	-1	1	0.65	0	1	0	-1	1	0.6	0	1	0	-1	LOC643072	-1	TRUE	A3
SWT1;A5:chr1:185126446-185129965:185126296-185129965:+	1	1.7	0	1	0	-1	0.799170624915	1.6	0.66	0.707964601769911	0.292035398230089	-0.415929203539823	0.751266292408	1.38	0.66	0.676470588235294	0.323529411764706	-0.352941176470588	SWT1	-0.589623459833333	TRUE	A5
FAM73A;A3:chr1:78332076-78338686:78332076-78338689:+	0.246564444834	1.05	3.24	0.244755244755245	0.755244755244755	0.510489510489511	0.358653899171	2.52	4.54	0.356940509915014	0.643059490084986	0.286118980169972	0.245586824289	1.67	5.15	0.244868035190616	0.755131964809384	0.510263929618768	FAM73A	0.435624140066667	TRUE	A3
CHST4;A5:chr16:71560398-71570563:71560215-71570563:+	0.825255449045	4.32	1.03	0.807476635514019	0.192523364485981	-0.614953271028037	1	6.11	0	1	0	-1	1	5.63	0	1	0	-1	CHST4	-0.871651090333333	TRUE	A5
ASB16-AS1;A3:chr17:42255184-42258991:42254010-42258991:-	0.8520832	3.15	0.96	0.7664234	0.2335766	-0.5328467	0.7162712	2.78	1.55	0.6420323	0.3579677	-0.2840647	0.8836032	3.11	0.68	0.8205805	0.1794195	-0.6411609	ASB16-AS1	-0.4860241	TRUE	A3
TUBAL3;A3:chr10:5443050-5446753:5442930-5446753:-	1	1.36	0	1	0	-1	0	0	1.76	0	1	1	0.999501191732	1.53	0.54	0.739130434782609	0.260869565217391	-0.478260869565217	TUBAL3	-0.15942029	FALSE	A3
UNC45A;A5:chr15:91478605-91478774:91478560-91478774:+	0.668021511579	45.43	15.19	0.749422632794457	0.250577367205543	-0.498845265588915	0.683715698996	42.23	13.04	0.764067305952596	0.235932694047404	-0.528134611905193	0.727575301325	44.66	11.42	0.796362339514979	0.203637660485021	-0.592724679029957	UNC45A	-0.539901518966667	TRUE	A5
VPS54;A3:chr2:64209021-64210998:64208985-64210998:-	0.399823137534	4.47	7.28	0.380425531914894	0.619574468085106	0.239148936170213	0.429465758274	5.84	8.01	0.421660649819495	0.578339350180505	0.156678700361011	0.415397107701	5.78	7.82	0.425	0.575	0.15	VPS54	0.181942545466667	FALSE	A3
SLC25A39;A3:chr17:42399920-42400176:42399896-42400176:-	0.250063779192	45.89	157.52	0.225603460990118	0.774396539009881	0.548793078019763	0.284936623314	44.8	135.9	0.24792473713337	0.75207526286663	0.50415052573326	0.287585841532	49.37	141.08	0.259228143869782	0.740771856130218	0.481543712260436	SLC25A39	0.5114957719	TRUE	A3
IRX5;A3:chr16:54966815-54966989:54966815-54966992:+	1	5.45	0	1	0	-1	1	5.61	0	1	0	-1	1	5.27	0	1	0	-1	IRX5	-1	TRUE	A3
FUT11;A3:chr10:75533573-75535177:75533573-75535299:+	0.159233582777	1	5.15	0.16260162601626	0.83739837398374	0.67479674796748	0.025494156738	0.19	7.75	0.0239294710327456	0.976070528967254	0.952141057934509	0.050842647271	0.38	7.34	0.0492227979274611	0.950777202072539	0.901554404145078	FUT11	0.842830736633333	TRUE	A3
DOHH;A5:chr19:3496884-3500531:3496884-3500559:-	0.133097741839	19.36	33.25	0.367990876259266	0.632009123740734	0.264018247481467	0	11.08	34.9	0.240974336668117	0.759025663331883	0.518051326663767	0.202447598128	19.03	29.18	0.394731383530388	0.605268616469612	0.210537232939224	DOHH	0.330868935566667	TRUE	A5
NCKIPSD;A3:chr3:48719589-48719781:48719568-48719781:-	0.560581134756	11.87	9.86	0.546249424758399	0.453750575241602	-0.092498849516797	0.461592251006	9.61	11.82	0.448436770881941	0.551563229118059	0.103126458236118	0.544000604573	12	10.3	0.538116591928251	0.461883408071749	-0.0762331838565022	NCKIPSD	-0.0218685252666667	FALSE	A3
LPIN3;A3:chr20:39983377-39983460:39983377-39983465:+	1	1.11	0	1	0	-1	1	1.15	0	1	0	-1	1	1.17	0	1	0	-1	LPIN3	-1	TRUE	A3
TMEM71;A3:chr8:133759360-133764031:133759303-133764031:-	0.06657011	14.04	11.04	0.5598086	0.4401914	-0.1196172	0.4600466	14.01	13.87	0.5025108	0.4974892	-0.005021521	0.4588928	12.17	10.67	0.5328371	0.4671629	-0.06567426	TMEM71	-0.06343767	FALSE	A3
TCTN2;A3:chr12:124156679-124158162:124156679-124158165:+	0.663316650311	2.61	1.34	0.660759493670886	0.339240506329114	-0.321518987341772	0.0659290389672	0.01	4.71	0.00211864406779661	0.997881355932203	0.995762711864407	0.619931018131	3.23	1.35	0.705240174672489	0.294759825327511	-0.410480349344978	TCTN2	0.0879211253	FALSE	A3
NDUFV1;A5:chr11:67374547-67375867:67374520-67375867:+	0.990588912742	122.42	0.83	0.993265720081136	0.0067342799188641	-0.986531440162272	0.996259650157	110.77	0.45	0.995953965114188	0.0040460348858119	-0.991907930228376	0.993489887566	112.09	0.8	0.992913455576225	0.00708654442377536	-0.985826911152449	NDUFV1	-0.9880887604	TRUE	A5
TMEM171;A3:chr5:72424358-72427365:72424358-72427368:+	0.727395282096	30.73	12.19	0.715983224603914	0.284016775396086	-0.431966449207829	0.626032215005	25.48	15.24	0.62573673870334	0.37426326129666	-0.25147347740668	0.684918105595	32.98	15.74	0.676929392446634	0.323070607553366	-0.353858784893268	TMEM171	-0.345766237133333	TRUE	A3
MPP5;A3:chr14:67736500-67745735:67736500-67745967:+	0.468078457015	13.66	21.58	0.387627695800227	0.612372304199773	0.224744608399546	0.493858079703	20.97	29.61	0.414590747330961	0.585409252669039	0.170818505338078	0.595992497553	23.25	23.39	0.498499142367067	0.501500857632933	0.00300171526586618	MPP5	0.132854942766667	FALSE	A3
OSMR;A5:chr5:38846489-38869134:38846228-38869134:+	0.876470566942	34.6	5.29	0.867385309601404	0.132614690398596	-0.734770619202808	0.872598198802	44.03	6.62	0.869299111549852	0.130700888450148	-0.738598223099704	0.873313768873	41.59	6.12	0.871725005239992	0.128274994760008	-0.743450010479983	OSMR	-0.738939617366667	TRUE	A5
RFC1;A3:chr4:39308324-39310256:39308321-39310256:-	0.134090913868	1.7	10.48	0.139573070607553	0.860426929392447	0.720853858784893	0.255499422467	4.07	11.87	0.255332496863237	0.744667503136763	0.489335006273526	0.27295609691	3.99	10.22	0.280788177339901	0.719211822660099	0.438423645320197	RFC1	0.549537503433333	TRUE	A3
PSEN2;A3:chr1:227079062-227079444:227079062-227079447:+	0.745342108203	26.3	9.35	0.737727910238429	0.262272089761571	-0.475455820476858	0.576138323824	20.28	15.44	0.567749160134379	0.432250839865622	-0.135498320268757	0.592525502176	21.11	14.62	0.59082003918276	0.40917996081724	-0.181640078365519	PSEN2	-0.264198072766667	TRUE	A3
APLP1;A3:chr19:36368727-36368984:36368727-36368987:+	0.109569518834	0.63	3.57	0.15	0.85	0.7	0	0	3.94	0	1	1	0.0898157832798	0.34	3.8	0.0821256038647343	0.917874396135266	0.835748792270531	APLP1	0.845249597333333	TRUE	A3
TTLL1;A5:chr22:43464596-43465610:43464596-43465642:-	0	0	2.55	0	1	1	0	0	2.87	0	1	1	0	0	2.07	0	1	1	TTLL1	1	TRUE	A5
OLFML2B;A3:chr1:161970131-161976087:161970128-161976087:-	0	0	0.38	0	1	1	0.108172712229	0	0.49	0	1	1	0	0	0.4	0	1	1	OLFML2B	1	TRUE	A3
RHBDF2;A3:chr17:74476023-74477457:74475936-74477457:-	0.380591415724	6.15	11.37	0.351027397260274	0.648972602739726	0.297945205479452	0.522376958255	8.94	9.03	0.497495826377296	0.502504173622704	0.005008347245409	0.481171006342	7.33	9.98	0.423454650491046	0.576545349508954	0.153090699017909	RHBDF2	0.1520147504	FALSE	A3
MPDU1;A3:chr17:7489115-7489264:7489115-7489269:+	0.953081025337	119.93	6.26	0.950392265631191	0.0496077343688089	-0.900784531262382	0.927545570517	100.69	8.2	0.924694645973	0.0753053540269997	-0.849389291946001	0.980260321953	117.24	2.48	0.979284998329435	0.0207150016705646	-0.958569996658871	MPDU1	-0.902914606633333	TRUE	A3
TIRAP;A5:chr11:126159728-126160357:126159712-126160357:+	0.382277433491	0.59	1.12	0.345029239766082	0.654970760233918	0.309941520467836	0.308806153359	0.88	1.97	0.308771929824561	0.691228070175439	0.382456140350877	0.218054359018	0.67	2.27	0.227891156462585	0.772108843537415	0.54421768707483	TIRAP	0.4122051158	TRUE	A5
ZNF764;A3:chr16:30567431-30569054:30567428-30569054:-	0.660001287232	1.85	0.95	0.660714285714286	0.339285714285714	-0.321428571428572	0.110187004301	0.29	2.6	0.100346020761246	0.899653979238754	0.799307958477509	0.197043876062	0.45	2.31	0.16304347826087	0.83695652173913	0.673913043478261	ZNF764	0.383930810166667	TRUE	A3
RPP25L;A5:chr9:34611329-34611857:34611329-34612061:-	0.208741515821	8.7	40.2	0.177914110429448	0.822085889570552	0.644171779141104	0.183024069724	7.86	41.54	0.159109311740891	0.840890688259109	0.681781376518219	0.199735480766	7.96	35.17	0.184558312079759	0.815441687920241	0.630883375840482	RPP25L	0.652278843833333	TRUE	A5
HOMER2;A3:chr15:83527920-83532919:83527887-83532919:-	0.049075599737	1.43	29.95	0.0455704270235819	0.954429572976418	0.908859145952836	0.0915362942714	2.46	27.24	0.0828282828282828	0.917171717171717	0.834343434343434	0.0823215955126	2.3	27.12	0.0781781101291638	0.921821889870836	0.843643779741672	HOMER2	0.8622821201	TRUE	A3
MPDU1;A3:chr17:7489115-7489264:7489115-7489269:+	0.953081025337	119.93	6.26	0.950392265631191	0.0496077343688089	-0.900784531262382	0.927545570517	100.69	8.2	0.924694645973	0.0753053540269997	-0.849389291946001	0.980260321953	117.24	2.48	0.979284998329435	0.0207150016705646	-0.958569996658871	MPDU1	-0.902914606633333	TRUE	A3
BRPF1;A5:chr3:9783855-9784628:9783837-9784628:+	0.581010091899	7.03	5.85	0.545807453416149	0.454192546583851	-0.0916149068322982	0.573197226603	7.4	5.81	0.560181680545042	0.439818319454958	-0.120363361090083	0.616200668715	8.63	5.24	0.622206200432588	0.377793799567412	-0.244412400865177	BRPF1	-0.152130223033333	FALSE	A5
GAK;A5:chr4:887277-887662:887277-887719:-	0.985823833563	12.3	0.41	0.967741935483871	0.032258064516129	-0.935483870967742	0.971799694407	11.61	0.8	0.935535858178888	0.064464141821112	-0.871071716357776	0.929810583973	10.92	1.14	0.90547263681592	0.0945273631840796	-0.810945273631841	GAK	-0.872500287133333	TRUE	A5
DOHH;A5:chr19:3496884-3500531:3496884-3500559:-	0.133097741839	19.36	33.25	0.367990876259266	0.632009123740734	0.264018247481467	0	11.08	34.9	0.240974336668117	0.759025663331883	0.518051326663767	0.202447598128	19.03	29.18	0.394731383530388	0.605268616469612	0.210537232939224	DOHH	0.330868935566667	TRUE	A5
TUBAL3;A3:chr10:5443050-5446753:5442930-5446753:-	1	1.36	0	1	0	-1	0	0	1.76	0	1	1	0.999501191732	1.53	0.54	0.739130434782609	0.260869565217391	-0.478260869565217	TUBAL3	-0.15942029	FALSE	A3
C1QTNF9B-AS1;A5:chr13:24465670-24465752:24465589-24465752:+	1	5.96	0	1	0	-1	0.963732	4.53	0.26	0.9457203	0.05427975	-0.8914405	0.9188909	6.89	0.9	0.8844673	0.1155327	-0.7689345	C1QTNF9B-AS1	-0.8867917	TRUE	A5
BANF1;A5:chr11:65770041-65770706:65769984-65770706:+	0.855242477082	397.84	76.89	0.838034251047964	0.161965748952036	-0.676068502095928	0.865987292223	378.71	68.1	0.84758622233164	0.15241377766836	-0.69517244466328	0.857999441256	394	76.9	0.836695689105967	0.163304310894033	-0.673391378211935	BANF1	-0.681544108233333	TRUE	A5
ZNF250;A3:chr8:146115459-146115693:146115444-146115693:-	0.195652387615	0.32	1.34	0.192771084337349	0.807228915662651	0.614457831325301	0.279935024359	0.33	0.9	0.268292682926829	0.731707317073171	0.463414634146341	0.420355945723	0.55	0.76	0.419847328244275	0.580152671755725	0.16030534351145	ZNF250	0.412725936366667	TRUE	A3
ZNF587;A3:chr19:58361439-58367472:58361439-58367475:+	0.246490154175	0.05	0.96	0.0495049504950495	0.95049504950495	0.900990099009901	0.248257873958	0.1	0.96	0.0943396226415094	0.90566037735849	0.811320754716981	1	1.22	0	1	0	-1	ZNF587	0.237436951233333	TRUE	A3
THUMPD3;A5:chr3:9405016-9406700:9404811-9406700:+	0.675982832465	13.59	9.75	0.582262210796915	0.417737789203085	-0.16452442159383	0.635553233741	15.56	10.42	0.598922247882987	0.401077752117013	-0.197844495765974	0.644078248895	14.99	10.22	0.594605315351051	0.405394684648949	-0.189210630702102	THUMPD3	-0.1838598496	FALSE	A5
GPAM;A3:chr10:113942649-113943451:113942645-113943451:-	0.790904993532	4.57	1.21	0.790657439446367	0.209342560553633	-0.581314878892734	1	7.29	0	1	0	-1	0.999800913081	6.81	0	1	0	-1	GPAM	-0.860438293	TRUE	A3
ASB16-AS1;A3:chr17:42255184-42258991:42254010-42258991:-	0.8520832	3.15	0.96	0.7664234	0.2335766	-0.5328467	0.7162712	2.78	1.55	0.6420323	0.3579677	-0.2840647	0.8836032	3.11	0.68	0.8205805	0.1794195	-0.6411609	ASB16-AS1	-0.4860241	TRUE	A3
PLB1;A3:chr2:28755061-28761153:28755061-28761186:+	0	0	0.17	0	1	1	0	0	0.19	0	1	1	0	0	0.23	0	1	1	PLB1	1	TRUE	A3
PIK3R2;A3:chr19:18274198-18276921:18274198-18276970:+	0.0037632671375	0	64.9	0	1	1	0	0	63.67	0	1	1	0	0	67.56	0	1	1	PIK3R2	1	TRUE	A3
LMNB1;A5:chr5:126113559-126140468:126112936-126140468:+	0.533085686988	51.32	83.77	0.379894884891554	0.620105115108446	0.240210230216892	0.662355987145	67.85	85.27	0.443116509926855	0.556883490073145	0.11376698014629	0.582883434207	60.06	88.45	0.404417210962225	0.595582789037775	0.19116557807555	LMNB1	0.1817142627	FALSE	A5
GATAD2A;A3:chr19:19609531-19611927:19609531-19611930:+	0.759961024939	39.19	8.11	0.828541226215645	0.171458773784355	-0.65708245243129	0.792633320124	47.94	8.1	0.855460385438972	0.144539614561028	-0.710920770877944	0.844735086351	51.66	6.73	0.884740537763316	0.115259462236684	-0.769481075526631	GATAD2A	-0.7124947663	TRUE	A3
RB1CC1;A5:chr8:53537347-53540592:53537347-53540601:-	0.549419988984	5.17	4.57	0.530800821355236	0.469199178644764	-0.0616016427104722	0.635212714631	7.7	4.44	0.634266886326194	0.365733113673806	-0.268533772652389	0.449708800325	4.69	6.26	0.428310502283105	0.571689497716895	0.14337899543379	RB1CC1	-0.0622521402333333	FALSE	A5
ZNF250;A3:chr8:146115459-146115693:146115444-146115693:-	0.195652387615	0.32	1.34	0.192771084337349	0.807228915662651	0.614457831325301	0.279935024359	0.33	0.9	0.268292682926829	0.731707317073171	0.463414634146341	0.420355945723	0.55	0.76	0.419847328244275	0.580152671755725	0.16030534351145	ZNF250	0.412725936366667	TRUE	A3
HES7;A3:chr17:8025355-8025661:8025340-8025661:-	1	0.73	0	1	0	-1	1	0.94	0	1	0	-1	0	0	0.59	0	1	1	HES7	-0.333333333333333	TRUE	A3
FOXRED2;A5:chr22:36902470-36902959:36902470-36903056:-	0.158180258748	2.82	15.23	0.156232686980609	0.843767313019391	0.687534626038781	0.381210584523	6.81	12.22	0.357856016815554	0.642143983184446	0.284287966368891	0.173544950693	2.89	15.54	0.156809549647314	0.843190450352686	0.686380900705372	FOXRED2	0.5527344978	TRUE	A5
EIF2AK1;A3:chr7:6082624-6084193:6082621-6084193:-	0.890143534354	46.98	5.4	0.896907216494845	0.103092783505155	-0.793814432989691	0.904325011225	50.03	5.32	0.903884372177055	0.0961156278229449	-0.80776874435411	0.859858968709	47.3	7.88	0.857194635737586	0.142805364262414	-0.714389271475172	EIF2AK1	-0.771990816133333	TRUE	A3
PARP2;A5:chr14:20813285-20813553:20813246-20813553:+	0.016219150461	0.77	52.57	0.0144356955380577	0.985564304461942	0.971128608923884	0.0212860790918	1.12	56.16	0.0195530726256983	0.980446927374302	0.960893854748603	0.0246168343731	1.01	57.97	0.0171244489657511	0.982875551034249	0.965751102068498	PARP2	0.9659245219	TRUE	A5
PPOX;A5:chr1:161136462-161136630:161136401-161136630:+	1	2.39	0	1	0	-1	1	1.77	0	1	0	-1	0.76703790109	2.3	0.81	0.739549839228296	0.260450160771704	-0.479099678456592	PPOX	-0.826366559333333	TRUE	A5
SLC39A13;A3:chr11:47430213-47431617:47430213-47431638:+	0.4146339	20.68	27.5	0.4292237	0.5707763	0.1415525	0.3109247	14.35	27.44	0.3433836	0.6566164	0.3132328	0.3495941	17.5	27.68	0.3873395	0.6126605	0.2253209	SLC39A13	0.2267021	TRUE	A3
TRAFD1;A5:chr12:112563953-112568315:112563422-112568315:+	0.0569252445184	0.7	17.19	0.0391280044717719	0.960871995528228	0.921743991056456	0.0408997015228	0.56	18.14	0.0299465240641711	0.970053475935829	0.940106951871658	0.0852761912063	1.16	16.51	0.0656479909451047	0.934352009054895	0.868704018109791	TRAFD1	0.910184986966667	TRUE	A5
POPDC3;A5:chr6:105607694-105609300:105607694-105609671:-	0.5177927	18.86	34.52	0.3533158	0.6466842	0.2933683	0.5085658	18.91	33.8	0.3587555	0.6412445	0.2824891	0.4547167	16.49	35.67	0.3161426	0.6838574	0.3677147	POPDC3	0.314524	TRUE	A5
WDR66;A5:chr12:122356614-122359192:122356601-122359192:+	0.8408145376	3.73	0.98	0.791932059447983	0.208067940552017	-0.583864118895966	0.821633914701	3.56	1.16	0.754237288135593	0.245762711864407	-0.508474576271187	0.845641986819	2.72	1.06	0.71957671957672	0.28042328042328	-0.439153439153439	WDR66	-0.5104973781	TRUE	A5
HAX1;A3:chr1:154245252-154245812:154245252-154245956:+	0.940304120825	247.44	24.3	0.910576286155884	0.0894237138441157	-0.821152572311769	0.938610242577	230.74	24.13	0.905324282967788	0.0946757170322125	-0.810648565935575	0.911823651067	229.94	34.83	0.86845186388186	0.13154813611814	-0.736903727763719	HAX1	-0.789568288633333	TRUE	A3
IFI27L1;A3:chr14:94547795-94563187:94547795-94563233:+	0.132127861045	1.86	27	0.0644490644490645	0.935550935550936	0.871101871101871	0.0777770465843	1.18	30.1	0.0377237851662404	0.96227621483376	0.924552429667519	0.0551063632927	0	31.17	0	1	1	IFI27L1	0.9318847669	TRUE	A3
CPN2;A3:chr3:194063434-194071971:194063431-194071971:-	0.0733421301853	0	0.15	0	1	1	0.0748742771673	0	0.15	0	1	1	0.0795876585632	0	0.14	0	1	1	CPN2	1	TRUE	A3
HLA-DRB1;A3:chr6:32552155-32557420:32552129-32557420:-	0	74.95	0	1	0	-1	0	70.09	1.28	0.982065293540703	0.0179347064592966	-0.964130587081407	0	61.27	0	1	0	-1	HLA-DRB1	-0.988043529033333	TRUE	A3
ORC6;A5:chr16:46723741-46724903:46723682-46724903:+	0.0330852666163	0.9	28.48	0.0306330837304289	0.969366916269571	0.938733832539142	0	0	29.91	0	1	1	0.0522900834153	1.35	26.68	0.0481626828398145	0.951837317160185	0.903674634320371	ORC6	0.947469489	TRUE	A5
LPIN3;A3:chr20:39983377-39983460:39983377-39983465:+	1	1.11	0	1	0	-1	1	1.15	0	1	0	-1	1	1.17	0	1	0	-1	LPIN3	-1	TRUE	A3
OSMR;A5:chr5:38846489-38869134:38846228-38869134:+	0.876470566942	34.6	5.29	0.867385309601404	0.132614690398596	-0.734770619202808	0.872598198802	44.03	6.62	0.869299111549852	0.130700888450148	-0.738598223099704	0.873313768873	41.59	6.12	0.871725005239992	0.128274994760008	-0.743450010479983	OSMR	-0.738939617366667	TRUE	A5
MAPKAPK2;A3:chr1:206905264-206905383:206905264-206905920:+	0.044034878299	3.22	95.12	0.0327435428106569	0.967256457189343	0.934512914378686	0.0384364576505	3.31	97.72	0.0327625457784816	0.967237454221518	0.934474908443037	0.0458990441852	4.1	104.13	0.037882287720595	0.962117712279405	0.92423542455881	MAPKAPK2	0.9310744158	TRUE	A3
CDON;A5:chr11:125831000-125831550:125831000-125831619:-	0	0	1.12	0	1	1	0	0	1.55	0	1	1	0	0	1.45	0	1	1	CDON	1	TRUE	A5
LDHB;A5:chr12:21807611-21810402:21807611-21810685:-	0.000941880904047	1.22	1493.58	0.000816162697350816	0.999183837302649	0.998367674605298	0.000846631444409	0.81	1439.56	0.000562355505876962	0.999437644494123	0.998875288988246	0.00110032960242	1.22	1443.41	0.000844506897960031	0.99915549310204	0.99831098620408	LDHB	0.998517983333333	TRUE	A5
SCRN3;A3:chr2:175260545-175263003:175260545-175263094:+	1	9.32	0	1	0	-1	0.948576880175	9.95	1.69	0.854810996563574	0.145189003436426	-0.709621993127148	1	10.96	0	1	0	-1	SCRN3	-0.903207331033333	TRUE	A3
PNMAL1;A5:chr19:46971834-46972990:46971834-46973195:-	0.902213595083	7.85	1.68	0.823714585519412	0.176285414480588	-0.647429171038825	1	11.01	0	1	0	-1	1	11.05	0	1	0	-1	PNMAL1	-0.882476390333333	TRUE	A5
MPDU1;A3:chr17:7489115-7489264:7489115-7489269:+	0.953081025337	119.93	6.26	0.950392265631191	0.0496077343688089	-0.900784531262382	0.927545570517	100.69	8.2	0.924694645973	0.0753053540269997	-0.849389291946001	0.980260321953	117.24	2.48	0.979284998329435	0.0207150016705646	-0.958569996658871	MPDU1	-0.902914606633333	TRUE	A3
MAN2B1;A3:chr19:12769324-12772074:12769321-12772074:-	0.992185033525	30.55	0	1	0	-1	1	29.1	0	1	0	-1	1	29.69	0	1	0	-1	MAN2B1	-1	TRUE	A3
MRPS34;A3:chr16:1822535-1822605:1822514-1822605:-	0.0860784372872	14.74	188.31	0.0725929573996553	0.927407042600345	0.854814085200689	0.0552142273165	9.69	187.34	0.0491803278688525	0.950819672131148	0.901639344262295	0.0596836503868	10.77	176.45	0.0575259053519923	0.942474094648008	0.884948189296015	MRPS34	0.8804672061	TRUE	A3
MYEOV2;A5:chr2:241073422-241075609:241073422-241075639:-	0	0	218.26	0	1	1	0	0	173.28	0	1	1	0	0	174.37	0	1	1	MYEOV2	1	TRUE	A5
ROBO4;A3:chr11:124767157-124767622:124766951-124767622:-	1	36.48	1.79	0.953227070812647	0.046772929187353	-0.906454141625294	1	36.03	0	1	0	-1	0.978519705855	33.96	6.51	0.839140103780578	0.160859896219422	-0.678280207561156	ROBO4	-0.861578116666667	TRUE	A3
NDUFV1;A5:chr11:67374547-67375867:67374520-67375867:+	0.990588912742	122.42	0.83	0.993265720081136	0.0067342799188641	-0.986531440162272	0.996259650157	110.77	0.45	0.995953965114188	0.0040460348858119	-0.991907930228376	0.993489887566	112.09	0.8	0.992913455576225	0.00708654442377536	-0.985826911152449	NDUFV1	-0.9880887604	TRUE	A5
PBX4;A5:chr19:19681108-19681395:19681108-19681496:-	1	1.58	0	1	0	-1	0.712407219124	1.27	0.83	0.604761904761905	0.395238095238095	-0.20952380952381	1	1.55	0	1	0	-1	PBX4	-0.7365079365	TRUE	A5
HES7;A3:chr17:8025355-8025661:8025340-8025661:-	1	0.73	0	1	0	-1	1	0.94	0	1	0	-1	0	0	0.59	0	1	1	HES7	-0.333333333333333	TRUE	A3
GAR1;A5:chr4:110736960-110737309:110736701-110737309:+	0.742496894626	33.98	46.12	0.424219725343321	0.575780274656679	0.151560549313358	0.830214230632	40.06	36.12	0.525859805723287	0.474140194276713	-0.051719611446574	0.72627995327	33.34	44.25	0.429694548266529	0.570305451733471	0.140610903466942	GAR1	0.0801506135333333	FALSE	A5
UBE4A;A5:chr11:118243402-118243801:118243381-118243801:+	0.17965083918	3.52	17.37	0.168501675442796	0.831498324557204	0.662996649114409	0.143126481282	3.8	25.18	0.131124913733609	0.868875086266391	0.737750172532781	0.0705040919391	1.78	25.3	0.0657311669128508	0.934268833087149	0.868537666174298	UBE4A	0.7564281625	TRUE	A5
STX5;A3:chr11:62575138-62591638:62575100-62591638:-	0.00564024661891	0	61.36	0	1	1	0.00602552913846	0.34	57.4	0.0058884655351576	0.994111534464842	0.988223068929685	0.00541554381035	0.31	59.38	0.00519349974870162	0.994806500251298	0.989613000502597	STX5	0.9926120233	TRUE	A3
CPN2;A3:chr3:194063434-194071971:194063431-194071971:-	0.0733421301853	0	0.15	0	1	1	0.0748742771673	0	0.15	0	1	1	0.0795876585632	0	0.14	0	1	1	CPN2	1	TRUE	A3
TMEM171;A3:chr5:72424358-72427365:72424358-72427368:+	0.727395282096	30.73	12.19	0.715983224603914	0.284016775396086	-0.431966449207829	0.626032215005	25.48	15.24	0.62573673870334	0.37426326129666	-0.25147347740668	0.684918105595	32.98	15.74	0.676929392446634	0.323070607553366	-0.353858784893268	TMEM171	-0.345766237133333	TRUE	A3
GPR162;A5:chr12:6933931-6934649:6932929-6934649:+	1	0.72	0	1	0	-1	0.355524159122	0.28	0.82	0.254545454545455	0.745454545454545	0.490909090909091	1	0.54	0.31	0.635294117647059	0.364705882352941	-0.270588235294118	GPR162	-0.259893048033333	TRUE	A5
NCKIPSD;A3:chr3:48719589-48719781:48719568-48719781:-	0.560581134756	11.87	9.86	0.546249424758399	0.453750575241602	-0.092498849516797	0.461592251006	9.61	11.82	0.448436770881941	0.551563229118059	0.103126458236118	0.544000604573	12	10.3	0.538116591928251	0.461883408071749	-0.0762331838565022	NCKIPSD	-0.0218685252666667	FALSE	A3
ANO7;A3:chr2:242130666-242135118:242130666-242135121:+	1	0.17	0	1	0	-1	1	0.29	0	1	0	-1	1	0.14	0	1	0	-1	ANO7	-1	TRUE	A3
C1QTNF9B-AS1;A5:chr13:24465670-24465752:24465589-24465752:+	1	5.96	0	1	0	-1	0.963732	4.53	0.26	0.9457203	0.05427975	-0.8914405	0.9188909	6.89	0.9	0.8844673	0.1155327	-0.7689345	C1QTNF9B-AS1	-0.8867917	TRUE	A5
CFAP69;A5:chr7:89897698-89900840:89897644-89900840:+	0	0	0.28	0	1	1	0	0	0.17	0	1	1	0	0	0.2	0	1	1	CFAP69	1	TRUE	A5
HIPK2;A3:chr7:139299239-139305147:139299158-139305147:-	0.549059177523	3.61	3.46	0.510608203677511	0.489391796322489	-0.0212164073550212	0.675347601025	5.61	4.06	0.580144777662875	0.419855222337125	-0.16028955532575	0.550311115812	3.12	3.56	0.467065868263473	0.532934131736527	0.0658682634730539	HIPK2	-0.0385458997666667	FALSE	A3
EIF3B;A3:chr7:2419146-2419839:2419146-2419914:+	0.447677779919	126.75	129.86	0.493940220568177	0.506059779431823	0.0121195588636453	0.427377231859	121.92	123	0.497795198432141	0.502204801567859	0.00440960313571775	0.409206489342	112.8	130.71	0.463225329555254	0.536774670444746	0.0735493408894913	EIF3B	0.0300261677	FALSE	A3
EMC6;A5:chr17:3572306-3572392:3572193-3572392:+	0.221100771201	43.27	192.25	0.183721127717391	0.816278872282609	0.632557744565217	0.211350312032	39	198.78	0.164017158718143	0.835982841281857	0.671965682563714	0.227717359918	40.16	184.64	0.17864768683274	0.82135231316726	0.64270462633452	EMC6	0.649076017866667	TRUE	A5
CDON;A5:chr11:125831000-125831550:125831000-125831619:-	0	0	1.12	0	1	1	0	0	1.55	0	1	1	0	0	1.45	0	1	1	CDON	1	TRUE	A5
TTC31;A5:chr2:74718799-74719131:74718793-74719131:+	0.6618115	5.16	2.8	0.6482412	0.3517588	-0.2964824	0.7539245	5.69	2.5	0.6947497	0.3052503	-0.3894994	0.7169536	5.69	2.51	0.6939024	0.3060976	-0.3878049	TTC31	-0.3579289	TRUE	A5
HNRNPU;A5:chr1:245026032-245026919:245026032-245026976:-	0.1203887875	28.17	218.36	0.11426601225003	0.885733987749969	0.771467975499939	0.131667161456	36.71	248.14	0.128874846410391	0.871125153589609	0.742250307179217	0.118106500443	29.72	242.01	0.109373274942038	0.890626725057962	0.781253450115924	HNRNPU	0.7649905774	TRUE	A5
ATF6B;A5:chr6:32095527-32095894:32095527-32095903:-	0.794710197125	34.58	9.29	0.788237975837702	0.211762024162298	-0.576475951675405	0.812305689283	37.44	9.27	0.801541425818883	0.198458574181118	-0.603082851637765	0.847393902098	38.76	7.11	0.844996729888816	0.155003270111184	-0.689993459777632	ATF6B	-0.623184087866667	TRUE	A5
SNRPD1;A3:chr18:19202762-19203709:19202762-19203832:+	0.992377193673	155.9	1.56	0.990092721961133	0.00990727803886701	-0.980185443922266	0.990223617219	162.71	1.85	0.988757899854157	0.0112421001458435	-0.977515799708313	0.991512251225	166.32	1.68	0.99	0.01	-0.98	SNRPD1	-0.9792337479	TRUE	A3
C2CD2L;A3:chr11:118984422-118984562:118984422-118984565:+	0.181697646381	3.29	15.46	0.175466666666667	0.824533333333333	0.649066666666667	0.0961669645173	2.22	17.67	0.111613876319759	0.888386123680241	0.776772247360483	0.163653385879	3.32	17.4	0.16023166023166	0.83976833976834	0.67953667953668	C2CD2L	0.7017918648	TRUE	A3
NRGN;A3:chr11:124615625-124615858:124615625-124615861:+	0.33518974705	21.27	43.09	0.330484773151025	0.669515226848975	0.339030453697949	0.379216024541	22.68	38.07	0.373333333333333	0.626666666666667	0.253333333333333	0.380584961414	26.6	43.54	0.379241516966068	0.620758483033932	0.241516966067864	NRGN	0.2779602511	TRUE	A3
WDR31;A3:chr9:116093396-116094187:116093393-116094187:-	0.044659905002	0	0.18	0	1	1	1	0.34	0	1	0	-1	0.498803473422	0.1	0.1	0.5	0.5	0	WDR31	0	FALSE	A3
BCL7A;A5:chr12:122492895-122496998:122492832-122496998:+	0.170883246649	1.05	6.18	0.145228215767635	0.854771784232365	0.70954356846473	0.0775431355807	0.48	7.18	0.0626631853785901	0.93733681462141	0.87467362924282	0.297416676334	1.77	5.31	0.25	0.75	0.5	BCL7A	0.694739065733333	TRUE	A5
CFAP97;A5:chr4:186112366-186124939:186112366-186125052:-	0.0365284074852	0.4	17.32	0.0225733634311512	0.977426636568849	0.954853273137698	0.0583640435345	1	25.67	0.0374953130858643	0.962504686914136	0.925009373828271	0.0399351554874	0.74	24.09	0.0298026580749094	0.970197341925091	0.940394683850181	CFAP97	0.940085776933333	TRUE	A5
ZNF250;A3:chr8:146115459-146115693:146115444-146115693:-	0.195652387615	0.32	1.34	0.192771084337349	0.807228915662651	0.614457831325301	0.279935024359	0.33	0.9	0.268292682926829	0.731707317073171	0.463414634146341	0.420355945723	0.55	0.76	0.419847328244275	0.580152671755725	0.16030534351145	ZNF250	0.412725936366667	TRUE	A3
TAF15;A5:chr17:34147252-34147336:34147243-34147336:+	0.865056530237	255.28	40.46	0.863190640427402	0.136809359572598	-0.726381280854805	0.840853726867	245.08	47.46	0.837765775620428	0.162234224379572	-0.675531551240856	0.833342595765	236.72	48.71	0.82934519847248	0.17065480152752	-0.65869039694496	TAF15	-0.686867743066667	TRUE	A5
FOXRED2;A5:chr22:36902470-36902959:36902470-36903056:-	0.158180258748	2.82	15.23	0.156232686980609	0.843767313019391	0.687534626038781	0.381210584523	6.81	12.22	0.357856016815554	0.642143983184446	0.284287966368891	0.173544950693	2.89	15.54	0.156809549647314	0.843190450352686	0.686380900705372	FOXRED2	0.5527344978	TRUE	A5
JMJD4;A5:chr1:227920377-227920582:227920377-227920630:-	0.916708454829	15.77	1.66	0.904761904761905	0.0952380952380952	-0.80952380952381	0.900487149399	12.61	2.02	0.861927546138072	0.138072453861928	-0.723855092276145	0.799332231032	12.24	3.65	0.770295783511643	0.229704216488357	-0.540591567023285	JMJD4	-0.691323489766667	TRUE	A5
SYNE1;A5:chr6:152674879-152675794:152674879-152675860:-	1	0.23	0	1	0	-1	0.2595134	0.05	0.22	0.1851852	0.8148148	0.6296296	0.3694357	0.08	0.09	0.4705882	0.5294118	0.05882353	SYNE1	-0.1038489	FALSE	A5
RYK;A3:chr3:133910827-133913926:133910818-133913926:-	0.553253519074	22.84	18.89	0.547328061346753	0.452671938653247	-0.0946561226935058	0.567091749952	25.73	22.73	0.530953363598844	0.469046636401156	-0.0619067271976888	0.407449482043	18.56	27.75	0.40077736989851	0.59922263010149	0.19844526020298	RYK	0.0139608032666667	FALSE	A3
SLTM;A3:chr15:59192136-59193459:59192082-59193459:-	0.580909099211	14.94	13.3	0.529036827195467	0.470963172804533	-0.0580736543909348	0.477100366246	13.37	19.62	0.405274325553198	0.594725674446802	0.189451348893604	0.639165656102	18.94	12.66	0.599367088607595	0.400632911392405	-0.19873417721519	SLTM	-0.0224521607	FALSE	A3
ZNF266;A5:chr19:9529307-9529438:9529307-9529442:-	0.4462504	2.56	2.99	0.4612613	0.5387387	0.07747748	0.4401899	3.06	3.15	0.4927536	0.5072464	0.01449275	0.4505866	2.63	3.14	0.4558059	0.5441941	0.08838821	ZNF266	0.06011948	FALSE	A5
WARS2;A3:chr1:119576011-119576718:119575982-119576718:-	0.106633883945	2.02	17.27	0.104717470191809	0.895282529808191	0.790565059616382	0.0319997627745	0.56	17.45	0.031093836757357	0.968906163242643	0.937812326485286	0.044147390436	0.78	17.34	0.043046357615894	0.956953642384106	0.913907284768212	WARS2	0.880761557166667	TRUE	A3
FOXRED2;A5:chr22:36902470-36902959:36902470-36903056:-	0.158180258748	2.82	15.23	0.156232686980609	0.843767313019391	0.687534626038781	0.381210584523	6.81	12.22	0.357856016815554	0.642143983184446	0.284287966368891	0.173544950693	2.89	15.54	0.156809549647314	0.843190450352686	0.686380900705372	FOXRED2	0.5527344978	TRUE	A5
GPAM;A3:chr10:113942649-113943451:113942645-113943451:-	0.790904993532	4.57	1.21	0.790657439446367	0.209342560553633	-0.581314878892734	1	7.29	0	1	0	-1	0.999800913081	6.81	0	1	0	-1	GPAM	-0.860438293	TRUE	A3
LOC643072;A3:chr2:160471964-160472258:160471964-160472261:+	1	0.51	0	1	0	-1	1	0.65	0	1	0	-1	1	0.6	0	1	0	-1	LOC643072	-1	TRUE	A3
WARS2;A3:chr1:119576011-119576718:119575982-119576718:-	0.106633883945	2.02	17.27	0.104717470191809	0.895282529808191	0.790565059616382	0.0319997627745	0.56	17.45	0.031093836757357	0.968906163242643	0.937812326485286	0.044147390436	0.78	17.34	0.043046357615894	0.956953642384106	0.913907284768212	WARS2	0.880761557166667	TRUE	A3
MID2;A5:chrX:107160969-107167573:107160879-107167573:+	0.264986291581	0.66	2.1	0.239130434782609	0.760869565217391	0.521739130434783	0.340966340718	1.03	2.41	0.299418604651163	0.700581395348837	0.401162790697674	0.473674229559	1.31	1.73	0.430921052631579	0.569078947368421	0.138157894736842	MID2	0.353686605233333	TRUE	A5
SYNE1;A5:chr6:152674879-152675794:152674879-152675860:-	1	0.23	0	1	0	-1	0.2595134	0.05	0.22	0.1851852	0.8148148	0.6296296	0.3694357	0.08	0.09	0.4705882	0.5294118	0.05882353	SYNE1	-0.1038489	FALSE	A5
PIDD1;A5:chr11:800244-800333:800244-800384:-	0.763756310044	5.1	1.75	0.744525547445255	0.255474452554745	-0.489051094890511	0.769692547426	5.36	1.54	0.776811594202899	0.223188405797101	-0.553623188405797	0.65860186431	3.66	1.84	0.665454545454546	0.334545454545455	-0.330909090909091	PIDD1	-0.4578611248	TRUE	A5
LINC01011;A3:chr6:2988265-2988662:2988265-2989762:+	0.159311993698	0.06	0.86	0.0652173913043478	0.934782608695652	0.869565217391304	0.135293138664	0.1	1.45	0.0645161290322581	0.935483870967742	0.870967741935484	0.203918183825	0.1	1.36	0.0684931506849315	0.931506849315068	0.863013698630137	LINC01011	0.867848885966667	TRUE	A3
SNX19;A5:chr11:130781666-130784161:130781666-130786175:-	0.496393782051	14.26	22.27	0.390364084314262	0.609635915685738	0.219271831371475	0.51656184404	16.79	26.92	0.384122626401281	0.615877373598719	0.231754747197438	0.504531436969	16.25	26.5	0.380116959064327	0.619883040935672	0.239766081871345	SNX19	0.230264220066667	TRUE	A5
MTRR;A5:chr5:7869328-7870883:7869302-7870883:+	0.503432427251	15.12	17.82	0.459016393442623	0.540983606557377	0.0819672131147541	0.606866027454	23.79	14.8	0.616480953614926	0.383519046385074	-0.232961907229852	0.770118729736	26.19	12.1	0.683990598067381	0.31600940193262	-0.367981196134761	MTRR	-0.1729919634	FALSE	A5
KRBA1;A3:chr7:149418081-149418471:149418081-149418474:+	0	0	0.52	0	1	1	0.547636918791	0.24	0.33	0.421052631578947	0.578947368421053	0.157894736842105	1	0.35	0	1	0	-1	KRBA1	0.0526315789333333	FALSE	A3
NEURL4;A5:chr17:7226185-7226267:7226185-7226273:-	0.737438433975	4.81	1.73	0.735474006116208	0.264525993883792	-0.470948012232416	0.718745713182	5.09	1.83	0.735549132947977	0.264450867052023	-0.471098265895954	0.807898638486	5.22	1.25	0.806800618238022	0.193199381761978	-0.613601236476043	NEURL4	-0.5185491713	TRUE	A5
BANF1;A5:chr11:65770041-65770706:65769984-65770706:+	0.855242477082	397.84	76.89	0.838034251047964	0.161965748952036	-0.676068502095928	0.865987292223	378.71	68.1	0.84758622233164	0.15241377766836	-0.69517244466328	0.857999441256	394	76.9	0.836695689105967	0.163304310894033	-0.673391378211935	BANF1	-0.681544108233333	TRUE	A5
MAPKAPK2;A3:chr1:206905264-206905383:206905264-206905920:+	0.044034878299	3.22	95.12	0.0327435428106569	0.967256457189343	0.934512914378686	0.0384364576505	3.31	97.72	0.0327625457784816	0.967237454221518	0.934474908443037	0.0458990441852	4.1	104.13	0.037882287720595	0.962117712279405	0.92423542455881	MAPKAPK2	0.9310744158	TRUE	A3
TSNARE1;A3:chr8:143382008-143395745:143382005-143395745:-	0.5922589	1.14	0.85	0.5728643	0.4271357	-0.1457286	0.4833754	0.86	1	0.4623656	0.5376344	0.07526882	0.4570124	0.76	0.82	0.4810127	0.5189873	0.03797468	TSNARE1	-0.01082838	FALSE	A3
GATAD2A;A3:chr19:19609531-19611927:19609531-19611930:+	0.759961024939	39.19	8.11	0.828541226215645	0.171458773784355	-0.65708245243129	0.792633320124	47.94	8.1	0.855460385438972	0.144539614561028	-0.710920770877944	0.844735086351	51.66	6.73	0.884740537763316	0.115259462236684	-0.769481075526631	GATAD2A	-0.7124947663	TRUE	A3
ZNF181;A3:chr19:35230173-35230428:35230173-35230431:+	0.49631339863	1.25	1.3	0.490196078431373	0.509803921568628	0.0196078431372549	0.542555173793	2.12	1.8	0.540816326530612	0.459183673469388	-0.0816326530612245	0.297597191176	0.66	2.35	0.219269102990033	0.780730897009967	0.561461794019934	ZNF181	0.166478994633333	FALSE	A3
GAK;A5:chr4:887277-887662:887277-887719:-	0.985823833563	12.3	0.41	0.967741935483871	0.032258064516129	-0.935483870967742	0.971799694407	11.61	0.8	0.935535858178888	0.064464141821112	-0.871071716357776	0.929810583973	10.92	1.14	0.90547263681592	0.0945273631840796	-0.810945273631841	GAK	-0.872500287133333	TRUE	A5
RASA1;A5:chr5:86564872-86627165:86564807-86627165:+	0.643259010095	14.63	5.49	0.72713717693837	0.27286282306163	-0.45427435387674	0.403066552739	12.85	9.84	0.566328779197885	0.433671220802116	-0.132657558395769	0.39252006629	11.83	10.25	0.535778985507246	0.464221014492754	-0.0715579710144928	RASA1	-0.2194966278	TRUE	A5
ZFP14;A3:chr19:36851438-36853014:36851435-36853014:-	0.399482341247	0.08	0.25	0.242424242424242	0.757575757575758	0.515151515151515	0	0	0.43	0	1	1	0.498699627809	0.33	0	1	0	-1	ZFP14	0.171717171666667	FALSE	A3
STX5;A3:chr11:62575138-62591638:62575100-62591638:-	0.00564024661891	0	61.36	0	1	1	0.00602552913846	0.34	57.4	0.0058884655351576	0.994111534464842	0.988223068929685	0.00541554381035	0.31	59.38	0.00519349974870162	0.994806500251298	0.989613000502597	STX5	0.9926120233	TRUE	A3
MTCH1;A5:chr6:36938470-36940428:36938470-36940479:-	0.634241061972	186.45	121.13	0.606183757071331	0.393816242928669	-0.212367514142662	0.683119960603	183.62	98.46	0.650950085082246	0.349049914917754	-0.301900170164492	0.670335849614	186.95	104.98	0.640393244955983	0.359606755044017	-0.280786489911965	MTCH1	-0.265018058066667	TRUE	A5
MFAP4;A5:chr17:19290151-19290354:19290151-19290463:-	0	0	0.35	0	1	1	0	0	0.53	0	1	1	0	0	0.19	0	1	1	MFAP4	1	TRUE	A5
PPOX;A5:chr1:161136462-161136630:161136401-161136630:+	1	2.39	0	1	0	-1	1	1.77	0	1	0	-1	0.76703790109	2.3	0.81	0.739549839228296	0.260450160771704	-0.479099678456592	PPOX	-0.826366559333333	TRUE	A5
MAPKAPK5;A5:chr12:112326810-112327844:112326804-112327844:+	0.495211533849	12.04	13.24	0.47626582278481	0.52373417721519	0.0474683544303798	0.417042349727	12.15	16.88	0.418532552531864	0.581467447468136	0.162934894936273	0.474502553035	12.79	14.58	0.467299963463646	0.532700036536354	0.0654000730727073	MAPKAPK5	0.0919344406333333	FALSE	A5
ZNF764;A3:chr16:30567431-30569054:30567428-30569054:-	0.660001287232	1.85	0.95	0.660714285714286	0.339285714285714	-0.321428571428572	0.110187004301	0.29	2.6	0.100346020761246	0.899653979238754	0.799307958477509	0.197043876062	0.45	2.31	0.16304347826087	0.83695652173913	0.673913043478261	ZNF764	0.383930810166667	TRUE	A3
SLC25A39;A3:chr17:42399920-42400176:42399896-42400176:-	0.250063779192	45.89	157.52	0.225603460990118	0.774396539009881	0.548793078019763	0.284936623314	44.8	135.9	0.24792473713337	0.75207526286663	0.50415052573326	0.287585841532	49.37	141.08	0.259228143869782	0.740771856130218	0.481543712260436	SLC25A39	0.5114957719	TRUE	A3
EPOR;A5:chr19:11492781-11493523:11492781-11493773:-	0.108234859011	0.17	1.78	0.0871794871794872	0.912820512820513	0.825641025641026	0.145322729545	0.19	1.46	0.115151515151515	0.884848484848485	0.76969696969697	0.177527318281	0.24	1.64	0.127659574468085	0.872340425531915	0.74468085106383	EPOR	0.780006282233333	TRUE	A5
UNC45A;A5:chr15:91478605-91478774:91478560-91478774:+	0.668021511579	45.43	15.19	0.749422632794457	0.250577367205543	-0.498845265588915	0.683715698996	42.23	13.04	0.764067305952596	0.235932694047404	-0.528134611905193	0.727575301325	44.66	11.42	0.796362339514979	0.203637660485021	-0.592724679029957	UNC45A	-0.539901518966667	TRUE	A5
ZCCHC11;A3:chr1:52902650-52903892:52902647-52903892:-	0.893644077571	5.17	0.93	0.847540983606557	0.152459016393443	-0.695081967213115	0.765656265042	5.01	2.55	0.662698412698413	0.337301587301587	-0.325396825396825	0.761760169154	5.55	1.75	0.76027397260274	0.23972602739726	-0.52054794520548	ZCCHC11	-0.513675579133333	TRUE	A3
CCL20;A3:chr2:228678703-228680170:228678703-228680173:+	0.495092375055	2.1	2.15	0.494117647058824	0.505882352941176	0.0117647058823529	0.536618992788	1.87	1.61	0.53735632183908	0.46264367816092	-0.0747126436781609	0.330173260937	0.98	1.96	0.333333333333333	0.666666666666667	0.333333333333333	CCL20	0.0901284651	FALSE	A3
CLTC;A5:chr17:57721856-57724759:57721844-57724759:+	0.00645328940357	1.05	175.14	0.00595947556615018	0.99404052443385	0.9880810488677	0.00343863983849	0.73	224.67	0.00323868677905945	0.996761313220941	0.993522626441881	0.00365693516045	0.72	203.42	0.00352699128049378	0.996473008719506	0.992946017439012	CLTC	0.991516564133333	TRUE	A5
CHST4;A5:chr16:71560398-71570563:71560215-71570563:+	0.825255449045	4.32	1.03	0.807476635514019	0.192523364485981	-0.614953271028037	1	6.11	0	1	0	-1	1	5.63	0	1	0	-1	CHST4	-0.871651090333333	TRUE	A5
SLC39A11;A5:chr17:70845943-70943870:70845943-70943891:-	0.455067000637	3.29	3.5	0.484536082474227	0.515463917525773	0.0309278350515463	0.24547087879	1.84	5.62	0.246648793565684	0.753351206434316	0.506702412868633	0.121100905023	1.08	7.67	0.123428571428571	0.876571428571429	0.753142857142857	SLC39A11	0.430257701633333	TRUE	A5
IRF2BP2;A5:chr1:234743598-234744193:234743598-234744241:-	0.518607785421	9.71	10.65	0.476915520628684	0.523084479371316	0.0461689587426325	0.56778313034	11.69	10.68	0.522574877067501	0.477425122932499	-0.0451497541350022	0.43017785786	9.97	14.73	0.403643724696356	0.596356275303644	0.192712550607287	IRF2BP2	0.0645772519666667	FALSE	A5
SLC35G1;A3:chr10:95653968-95658328:95653968-95658331:+	1	11.11	0	1	0	-1	0.895780296076	12.46	0	1	0	-1	0.827172480884	10.17	2.78	0.785328185328185	0.214671814671815	-0.570656370656371	SLC35G1	-0.856885457	TRUE	A3
CXXC1;A5:chr18:47810932-47811090:47810932-47811102:-	0.0364440748171	0.26	14.07	0.0181437543614794	0.981856245638521	0.963712491277041	0.0549366216211	0.72	12.13	0.0560311284046692	0.943968871595331	0.887937743190661	0.0707379220854	0.89	11.58	0.0713712910986367	0.928628708901363	0.857257417802726	CXXC1	0.9029692174	TRUE	A5
PLB1;A3:chr2:28755061-28761153:28755061-28761186:+	0	0	0.17	0	1	1	0	0	0.19	0	1	1	0	0	0.23	0	1	1	PLB1	1	TRUE	A3
KRBA1;A3:chr7:149418081-149418471:149418081-149418474:+	0	0	0.52	0	1	1	0.547636918791	0.24	0.33	0.421052631578947	0.578947368421053	0.157894736842105	1	0.35	0	1	0	-1	KRBA1	0.0526315789333333	FALSE	A3
TXNDC16;A3:chr14:52986011-53003437:52985996-53003437:-	1	4.24	0	1	0	-1	1	5.83	0	1	0	-1	1	5.06	0	1	0	-1	TXNDC16	-1	TRUE	A3
ADAT1;A3:chr16:75652596-75654164:75652538-75654164:-	0	0	11.71	0	1	1	0	0	14.09	0	1	1	0	0	12.71	0	1	1	ADAT1	1	TRUE	A3
ZNF197;A3:chr3:44666635-44670557:44666635-44670566:+	0.5401689	2.85	2.43	0.5397727	0.4602273	-0.07954545	0.4693756	3.32	3.78	0.4676056	0.5323944	0.06478873	0.442731	2.69	3.5	0.4345719	0.5654281	0.1308562	ZNF197	0.03869983	FALSE	A3
HAX1;A3:chr1:154245252-154245812:154245252-154245956:+	0.940304120825	247.44	24.3	0.910576286155884	0.0894237138441157	-0.821152572311769	0.938610242577	230.74	24.13	0.905324282967788	0.0946757170322125	-0.810648565935575	0.911823651067	229.94	34.83	0.86845186388186	0.13154813611814	-0.736903727763719	HAX1	-0.789568288633333	TRUE	A3
MED4;A5:chr13:48664554-48669090:48664554-48669196:-	0.634238226572	13.52	7.47	0.644116245831348	0.355883754168652	-0.288232491662697	0.682761345899	15.63	7.43	0.677797051170859	0.322202948829141	-0.355594102341717	0.63987814927	14.09	7.93	0.639872842870118	0.360127157129882	-0.279745685740236	MED4	-0.307857426766667	TRUE	A5
PAPD5;A3:chr16:50258905-50259009:50258905-50259150:+	0.578091765686	2.57	2.23	0.535416666666667	0.464583333333333	-0.0708333333333333	0.543893426757	3.36	3.3	0.504504504504504	0.495495495495495	-0.00900900900900897	0.51095199654	3.12	3.36	0.481481481481481	0.518518518518518	0.037037037037037	PAPD5	-0.014268435	FALSE	A3
SLMO1;A5:chr18:12429435-12431149:12429432-12431149:+	0.329858173006	0.46	0.96	0.323943661971831	0.676056338028169	0.352112676056338	0.856094543955	1.1	0.55	0.666666666666667	0.333333333333333	-0.333333333333333	1	1.08	0.27	0.8	0.2	-0.6	SLMO1	-0.1937402191	FALSE	A5
CHST4;A5:chr16:71560398-71570563:71560215-71570563:+	0.825255449045	4.32	1.03	0.807476635514019	0.192523364485981	-0.614953271028037	1	6.11	0	1	0	-1	1	5.63	0	1	0	-1	CHST4	-0.871651090333333	TRUE	A5
C17orf70;A5:chr17:79518229-79518758:79518229-79518954:-	0.693924769014	3.25	3.72	0.466284074605452	0.533715925394548	0.0674318507890961	0.562147575216	3.12	3.89	0.445078459343795	0.554921540656205	0.109843081312411	0.474191194093	2.14	4.5	0.322289156626506	0.677710843373494	0.355421686746988	C17orf70	0.177565539766667	FALSE	A5
ZNF234;A5:chr19:44645886-44646467:44645768-44646467:+	0	0	1.21	0	1	1	0.541209702807	1.07	0.95	0.52970297029703	0.47029702970297	-0.0594059405940595	0.631652219529	1.06	0.58	0.646341463414634	0.353658536585366	-0.292682926829268	ZNF234	0.215970377466667	TRUE	A5
C1QTNF9B-AS1;A5:chr13:24465670-24465752:24465589-24465752:+	1	5.96	0	1	0	-1	0.963732	4.53	0.26	0.9457203	0.05427975	-0.8914405	0.9188909	6.89	0.9	0.8844673	0.1155327	-0.7689345	C1QTNF9B-AS1	-0.8867917	TRUE	A5
NCAPG;A3:chr4:17824746-17825270:17824746-17825295:+	1	34.14	0	1	0	-1	1	37.26	0	1	0	-1	1	36.22	0	1	0	-1	NCAPG	-1	TRUE	A3
UROD;A3:chr1:45477957-45478529:45477957-45478579:+	0.201512019939	24.09	109.4	0.180462956026669	0.819537043973331	0.639074087946663	0.227169090221	22.89	99.69	0.186735193343123	0.813264806656877	0.626529613313754	0.162271748422	17.33	106.09	0.1404148436234	0.8595851563766	0.719170312753201	UROD	0.6615913381	TRUE	A3
TGFBRAP1;A3:chr2:105924775-105946082:105924772-105946082:-	0.426761224577	7.89	10.83	0.421474358974359	0.578525641025641	0.157051282051282	0.565033190881	9.51	11.42	0.45437171524128	0.545628284758719	0.091256569517439	0.601776906265	12.84	7.67	0.626036079960995	0.373963920039005	-0.252072159921989	TGFBRAP1	-0.0012547695	FALSE	A3
NDUFS5;A5:chr1:39492074-39494395:39492070-39494395:+	0.0176660698459	11.24	654.16	0.0168920949804629	0.983107905019537	0.966215810039074	0.0166222514566	10.1	628.8	0.0158084207231179	0.984191579276882	0.968383158553764	0.0165309166892	10.72	639.03	0.0164986533282032	0.983501346671797	0.967002693343594	NDUFS5	0.967200553866667	TRUE	A5
ARID1A;A3:chr1:27100389-27100820:27100389-27101471:+	1	7.61	1.81	0.807855626326964	0.192144373673036	-0.615711252653928	1	9.93	1.65	0.857512953367876	0.142487046632124	-0.715025906735751	0.935907308784	8.56	2.65	0.763603925066905	0.236396074933095	-0.527207850133809	ARID1A	-0.619315003233333	TRUE	A3
GPAM;A3:chr10:113942649-113943451:113942645-113943451:-	0.790904993532	4.57	1.21	0.790657439446367	0.209342560553633	-0.581314878892734	1	7.29	0	1	0	-1	0.999800913081	6.81	0	1	0	-1	GPAM	-0.860438293	TRUE	A3
MATN2;A3:chr8:99044545-99045270:99044545-99045327:+	0.448130119975	0.28	0.34	0.451612903225806	0.548387096774194	0.0967741935483871	1	0.56	0	1	0	-1	1	0.65	0	1	0	-1	MATN2	-0.634408602	TRUE	A3
SP2-AS1;A3:chr17:45977744-45995818:45976669-45995818:-	0.5311619	0.66	1.23	0.3492063	0.6507937	0.3015873	0.6382833	0.83	0.88	0.4853801	0.5146199	0.02923977	0.695762	0.81	0.6	0.5744681	0.4255319	-0.1489362	SP2-AS1	0.0606303	FALSE	A3
MID2;A5:chrX:107160969-107167573:107160879-107167573:+	0.264986291581	0.66	2.1	0.239130434782609	0.760869565217391	0.521739130434783	0.340966340718	1.03	2.41	0.299418604651163	0.700581395348837	0.401162790697674	0.473674229559	1.31	1.73	0.430921052631579	0.569078947368421	0.138157894736842	MID2	0.353686605233333	TRUE	A5
KRBA1;A3:chr7:149418081-149418471:149418081-149418474:+	0	0	0.52	0	1	1	0.547636918791	0.24	0.33	0.421052631578947	0.578947368421053	0.157894736842105	1	0.35	0	1	0	-1	KRBA1	0.0526315789333333	FALSE	A3
SLC35G1;A3:chr10:95653968-95658328:95653968-95658331:+	1	11.11	0	1	0	-1	0.895780296076	12.46	0	1	0	-1	0.827172480884	10.17	2.78	0.785328185328185	0.214671814671815	-0.570656370656371	SLC35G1	-0.856885457	TRUE	A3
ROBO4;A3:chr11:124767157-124767622:124766951-124767622:-	1	36.48	1.79	0.953227070812647	0.046772929187353	-0.906454141625294	1	36.03	0	1	0	-1	0.978519705855	33.96	6.51	0.839140103780578	0.160859896219422	-0.678280207561156	ROBO4	-0.861578116666667	TRUE	A3
COX15;A3:chr10:101474475-101476105:101473236-101476105:-	0.987558599347	10.32	0.64	0.941605839416058	0.0583941605839416	-0.883211678832117	0.938731860562	10.97	1.59	0.873407643312102	0.126592356687898	-0.746815286624204	0.94343267063	10.24	1.58	0.866328257191201	0.133671742808799	-0.732656514382403	COX15	-0.787561159866667	TRUE	A3
NAPRT;A5:chr8:144657263-144657361:144657263-144657400:-	1	14.37	0	1	0	-1	1	11.94	0	1	0	-1	1	11.49	0	1	0	-1	NAPRT	-1	TRUE	A5
AAR2;A5:chr20:34824704-34827743:34824425-34827743:+	0.0721919365417	3.21	65.06	0.0470191885161857	0.952980811483814	0.905961622967629	0.0487243248835	2.04	62.69	0.0315155260312065	0.968484473968793	0.936968947937587	0.0572645119153	2.72	63.78	0.0409022556390977	0.959097744360902	0.918195488721804	AAR2	0.9203753533	TRUE	A5
MID2;A5:chrX:107160969-107167573:107160879-107167573:+	0.264986291581	0.66	2.1	0.239130434782609	0.760869565217391	0.521739130434783	0.340966340718	1.03	2.41	0.299418604651163	0.700581395348837	0.401162790697674	0.473674229559	1.31	1.73	0.430921052631579	0.569078947368421	0.138157894736842	MID2	0.353686605233333	TRUE	A5
FIBP;A5:chr11:65652657-65652980:65652657-65653001:-	0.0948426678114	18.09	186.13	0.0885809421212418	0.911419057878758	0.822838115757516	0.120594454456	21.33	163.09	0.115659906734627	0.884340093265372	0.768680186530745	0.0805444294495	14.06	173.96	0.0747792788001276	0.925220721199872	0.850441442399745	FIBP	0.8139865815	TRUE	A5
COX15;A3:chr10:101474475-101476105:101473236-101476105:-	0.987558599347	10.32	0.64	0.941605839416058	0.0583941605839416	-0.883211678832117	0.938731860562	10.97	1.59	0.873407643312102	0.126592356687898	-0.746815286624204	0.94343267063	10.24	1.58	0.866328257191201	0.133671742808799	-0.732656514382403	COX15	-0.787561159866667	TRUE	A3
MRPS34;A3:chr16:1822535-1822605:1822514-1822605:-	0.0860784372872	14.74	188.31	0.0725929573996553	0.927407042600345	0.854814085200689	0.0552142273165	9.69	187.34	0.0491803278688525	0.950819672131148	0.901639344262295	0.0596836503868	10.77	176.45	0.0575259053519923	0.942474094648008	0.884948189296015	MRPS34	0.8804672061	TRUE	A3
SGSM3;A3:chr22:40798209-40800251:40798209-40800313:+	0.8105511	17.01	4.42	0.7937471	0.2062529	-0.5874942	0.8297027	15.68	4.12	0.7919192	0.2080808	-0.5838384	0.8287651	17.34	4.57	0.7914194	0.2085806	-0.5828389	SGSM3	-0.5847238	TRUE	A3
LOC146880;A5:chr17:62777157-62777513:62777157-62777552:-	0.139813183838	0.04	0.56	0.0666666666666667	0.933333333333333	0.866666666666667	0.466325666297	0.29	0.41	0.414285714285714	0.585714285714286	0.171428571428571	0.568109700472	0.12	0.18	0.4	0.6	0.2	LOC146880	0.4126984128	TRUE	A5
CCNH;A5:chr5:86707163-86708252:86707163-86708495:-	0.016975490999	1.36	103.93	0.0129167062399088	0.987083293760091	0.974166587520182	0.0225488260824	1.73	102.54	0.0165915411911384	0.983408458808862	0.966816917617723	0.0441177432048	3.41	99.83	0.0330298333979078	0.966970166602092	0.933940333204184	CCNH	0.9583079462	TRUE	A5
ZNF764;A3:chr16:30567431-30569054:30567428-30569054:-	0.660001287232	1.85	0.95	0.660714285714286	0.339285714285714	-0.321428571428572	0.110187004301	0.29	2.6	0.100346020761246	0.899653979238754	0.799307958477509	0.197043876062	0.45	2.31	0.16304347826087	0.83695652173913	0.673913043478261	ZNF764	0.383930810166667	TRUE	A3
MET;A3:chr7:116398674-116399391:116398674-116399445:+	0	0	23.38	0	1	1	0	0	30.15	0	1	1	0.0435754739757	1.08	26.58	0.0390455531453362	0.960954446854664	0.921908893709328	MET	0.973969631333333	TRUE	A3
STAT2;A3:chr12:56749587-56749916:56749575-56749916:-	0.605716374721	4.95	3.42	0.591397849462366	0.408602150537634	-0.182795698924731	0.737666061972	6.86	2.54	0.729787234042553	0.270212765957447	-0.459574468085106	0.87937406354	9.67	1.38	0.875113122171946	0.124886877828054	-0.750226244343891	STAT2	-0.4641988037	TRUE	A3
ZNF473;A3:chr19:50529379-50534149:50529379-50534271:+	0.612964140349	4.03	3.18	0.558945908460472	0.441054091539528	-0.117891816920943	0.628901409822	3.85	3.56	0.519568151147099	0.480431848852901	-0.0391363022941971	0.51149908947	2.57	4.86	0.345895020188425	0.654104979811575	0.30820995962315	ZNF473	0.0503939469	FALSE	A3
POPDC3;A5:chr6:105607694-105609300:105607694-105609671:-	0.5177927	18.86	34.52	0.3533158	0.6466842	0.2933683	0.5085658	18.91	33.8	0.3587555	0.6412445	0.2824891	0.4547167	16.49	35.67	0.3161426	0.6838574	0.3677147	POPDC3	0.314524	TRUE	A5
RASAL2;A3:chr1:178423783-178425835:178423783-178425856:+	0.432294925171	3.29	3.09	0.515673981191223	0.484326018808777	-0.0313479623824451	0.369365279744	4.27	4.39	0.493071593533487	0.506928406466513	0.0138568129330254	0.511798732042	4.46	2.9	0.605978260869565	0.394021739130435	-0.21195652173913	RASAL2	-0.0764825570333333	FALSE	A3
AAR2;A5:chr20:34824704-34827743:34824425-34827743:+	0.0721919365417	3.21	65.06	0.0470191885161857	0.952980811483814	0.905961622967629	0.0487243248835	2.04	62.69	0.0315155260312065	0.968484473968793	0.936968947937587	0.0572645119153	2.72	63.78	0.0409022556390977	0.959097744360902	0.918195488721804	AAR2	0.9203753533	TRUE	A5
BEND7;A3:chr10:13489319-13494539:13489316-13494539:-	0.1852208	1.58	7.17	0.1805714	0.8194286	0.6388571	0.1853787	2.1	9.51	0.1808786	0.8191214	0.6382429	0.1744051	1.74	9.35	0.1568981	0.8431019	0.6862038	BEND7	0.6544346	TRUE	A3
COX7A2;A5:chr6:75950101-75950839:75950101-75950892:-	0.0116955121424	5.25	268.39	0.0191857915509428	0.980814208449057	0.961628416898114	0.0251070519102	5.28	249.77	0.0207018231719271	0.979298176828073	0.958596353656146	0.0261229666911	5.62	237.48	0.0231180584121761	0.976881941587824	0.953763883175648	COX7A2	0.9579962179	TRUE	A5
LOC643072;A3:chr2:160471964-160472258:160471964-160472261:+	1	0.51	0	1	0	-1	1	0.65	0	1	0	-1	1	0.6	0	1	0	-1	LOC643072	-1	TRUE	A3
MED4;A5:chr13:48664554-48669090:48664554-48669196:-	0.634238226572	13.52	7.47	0.644116245831348	0.355883754168652	-0.288232491662697	0.682761345899	15.63	7.43	0.677797051170859	0.322202948829141	-0.355594102341717	0.63987814927	14.09	7.93	0.639872842870118	0.360127157129882	-0.279745685740236	MED4	-0.307857426766667	TRUE	A5
ZNF430;A3:chr19:21216388-21216892:21216388-21216895:+	0.634489413172	1.62	1.1	0.595588235294118	0.404411764705882	-0.191176470588235	0.325707926648	1	2.23	0.309597523219814	0.690402476780186	0.380804953560371	0.832112421928	2.09	0.86	0.708474576271186	0.291525423728814	-0.416949152542373	ZNF430	-0.0757735568	FALSE	A3
ATG4C;A5:chr1:63249944-63269390:63249896-63269390:+	0.384263605095	3.64	6.82	0.347992351816444	0.652007648183556	0.304015296367113	0.549903297679	6.32	5.92	0.516339869281046	0.483660130718954	-0.0326797385620916	0.437779227913	4.55	7.25	0.385593220338983	0.614406779661017	0.228813559322034	ATG4C	0.166716372133333	FALSE	A5
PNMAL1;A5:chr19:46971834-46972990:46971834-46973195:-	0.902213595083	7.85	1.68	0.823714585519412	0.176285414480588	-0.647429171038825	1	11.01	0	1	0	-1	1	11.05	0	1	0	-1	PNMAL1	-0.882476390333333	TRUE	A5
ST13;A3:chr22:41244373-41246827:41244343-41246827:-	1	139.12	0	1	0	-1	1	153.94	0	1	0	-1	0.320808990112	152.32	0	1	0	-1	ST13	-1	TRUE	A3
SLC35G1;A3:chr10:95653968-95658328:95653968-95658331:+	1	11.11	0	1	0	-1	0.895780296076	12.46	0	1	0	-1	0.827172480884	10.17	2.78	0.785328185328185	0.214671814671815	-0.570656370656371	SLC35G1	-0.856885457	TRUE	A3
SLMO1;A5:chr18:12429435-12431149:12429432-12431149:+	0.329858173006	0.46	0.96	0.323943661971831	0.676056338028169	0.352112676056338	0.856094543955	1.1	0.55	0.666666666666667	0.333333333333333	-0.333333333333333	1	1.08	0.27	0.8	0.2	-0.6	SLMO1	-0.1937402191	FALSE	A5
SYNE1;A5:chr6:152674879-152675794:152674879-152675860:-	1	0.23	0	1	0	-1	0.2595134	0.05	0.22	0.1851852	0.8148148	0.6296296	0.3694357	0.08	0.09	0.4705882	0.5294118	0.05882353	SYNE1	-0.1038489	FALSE	A5
ZNF473;A3:chr19:50529379-50534149:50529379-50534271:+	0.612964140349	4.03	3.18	0.558945908460472	0.441054091539528	-0.117891816920943	0.628901409822	3.85	3.56	0.519568151147099	0.480431848852901	-0.0391363022941971	0.51149908947	2.57	4.86	0.345895020188425	0.654104979811575	0.30820995962315	ZNF473	0.0503939469	FALSE	A3
APOO;A3:chrX:23851729-23858430:23851627-23858430:-	0.6861878	19.91	9.46	0.6779026	0.3220974	-0.3558052	0.6582529	19.14	10.22	0.6519074	0.3480926	-0.3038147	0.6050334	20.63	9.77	0.6786184	0.3213816	-0.3572368	APOO	-0.3389523	TRUE	A3
ACOT2;A5:chr14:74036587-74040092:74036100-74040092:+	0.864802789397	38.67	7.21	0.842850915431561	0.157149084568439	-0.685701830863121	0.911695061403	41.44	4.88	0.894645941278066	0.105354058721934	-0.789291882556131	0.88979354968	38.37	5.57	0.873236231224397	0.126763768775603	-0.746472462448794	ACOT2	-0.7404887252	TRUE	A5
TCEAL3;A5:chrX:102862998-102863532:102862986-102863532:+	0.160098626294	11.63	67.47	0.147029077117573	0.852970922882427	0.705941845764855	0.132571653105	8.34	73.6	0.101781791554796	0.898218208445204	0.796436416890408	0.148533674231	11.25	66.64	0.144434458852227	0.855565541147773	0.711131082295545	TCEAL3	0.7378364483	TRUE	A5
DCXR;A3:chr17:79995423-79995507:79995417-79995507:-	0.935369896924	51.93	3.86	0.930811973471948	0.0691880265280516	-0.861623946943897	0.961933851538	50.27	0	1	0	-1	1	51.8	0	1	0	-1	DCXR	-0.953874649	TRUE	A3
SHISA4;A5:chr1:201858195-201858573:201857909-201858573:+	0.375135827237	2.64	6.51	0.288524590163934	0.711475409836065	0.422950819672131	0.471052155316	2.47	5.56	0.307596513075965	0.692403486924035	0.38480697384807	0.365924702125	1.64	4.16	0.282758620689655	0.717241379310345	0.43448275862069	SHISA4	0.414080184266667	TRUE	A5
PIDD1;A5:chr11:800244-800333:800244-800384:-	0.763756310044	5.1	1.75	0.744525547445255	0.255474452554745	-0.489051094890511	0.769692547426	5.36	1.54	0.776811594202899	0.223188405797101	-0.553623188405797	0.65860186431	3.66	1.84	0.665454545454546	0.334545454545455	-0.330909090909091	PIDD1	-0.4578611248	TRUE	A5
SEC14L4;A3:chr22:30886233-30887560:30885865-30887560:-	1	0.99	0	1	0	-1	1	0.85	0	1	0	-1	1	1.08	0	1	0	-1	SEC14L4	-1	TRUE	A3
SURF2;A3:chr9:136227310-136227932:136227310-136227935:+	1	78.59	0	1	0	-1	1	78.42	0	1	0	-1	0.964133122231	71.48	2.64	0.964382083108473	0.0356179168915273	-0.928764166216945	SURF2	-0.976254722	TRUE	A3
IQCC;A5:chr1:32671564-32671755:32671324-32671755:+	0	0	1.4	0	1	1	0	0	1.26	0	1	1	0	0	1.37	0	1	1	IQCC	1	TRUE	A5
CDK13;A3:chr7:40127930-40132384:40127930-40132564:+	0.0745539180038	0.5	6.37	0.0727802037845706	0.927219796215429	0.854439592430859	0.092536008167	0.81	8.95	0.0829918032786885	0.917008196721311	0.834016393442623	0.111529313614	0.96	8.03	0.10678531701891	0.89321468298109	0.78642936596218	CDK13	0.8249617838	TRUE	A3
LMNB1;A5:chr5:126113559-126140468:126112936-126140468:+	0.533085686988	51.32	83.77	0.379894884891554	0.620105115108446	0.240210230216892	0.662355987145	67.85	85.27	0.443116509926855	0.556883490073145	0.11376698014629	0.582883434207	60.06	88.45	0.404417210962225	0.595582789037775	0.19116557807555	LMNB1	0.1817142627	FALSE	A5
USP5;A5:chr12:6972541-6972994:6972472-6972994:+	0.114501282129	9.61	81.04	0.106012134583563	0.893987865416437	0.787975730832874	0.0535409367424	4.29	80.94	0.0503343892995424	0.949665610700458	0.899331221400915	0.0949237142093	6.68	76.06	0.0807348320038675	0.919265167996132	0.838530335992265	USP5	0.8419457628	TRUE	A5
TMEM5;A5:chr12:64174242-64174799:64173909-64174799:+	0.194381592068	5.43	24.33	0.182459677419355	0.817540322580645	0.63508064516129	0.199100709862	6.28	24.72	0.20258064516129	0.79741935483871	0.594838709677419	0.225572518308	5.94	21.32	0.217901687454145	0.782098312545855	0.564196625091709	TMEM5	0.5980386599	TRUE	A5
ZNF197;A3:chr3:44666635-44670557:44666635-44670566:+	0.5401689	2.85	2.43	0.5397727	0.4602273	-0.07954545	0.4693756	3.32	3.78	0.4676056	0.5323944	0.06478873	0.442731	2.69	3.5	0.4345719	0.5654281	0.1308562	ZNF197	0.03869983	FALSE	A3
IBTK;A3:chr6:82906163-82909858:82906118-82909858:-	0.957425172697	13.18	0.67	0.951624548736462	0.0483754512635379	-0.903249097472924	0.946119490908	16.04	1.03	0.939660222612771	0.0603397773872291	-0.879320445225542	0.95865165992	15.35	0.73	0.954601990049751	0.0453980099502488	-0.909203980099503	IBTK	-0.897257840733333	TRUE	A3
GAK;A5:chr4:887277-887662:887277-887719:-	0.985823833563	12.3	0.41	0.967741935483871	0.032258064516129	-0.935483870967742	0.971799694407	11.61	0.8	0.935535858178888	0.064464141821112	-0.871071716357776	0.929810583973	10.92	1.14	0.90547263681592	0.0945273631840796	-0.810945273631841	GAK	-0.872500287133333	TRUE	A5
CCNH;A5:chr5:86707163-86708252:86707163-86708495:-	0.016975490999	1.36	103.93	0.0129167062399088	0.987083293760091	0.974166587520182	0.0225488260824	1.73	102.54	0.0165915411911384	0.983408458808862	0.966816917617723	0.0441177432048	3.41	99.83	0.0330298333979078	0.966970166602092	0.933940333204184	CCNH	0.9583079462	TRUE	A5
KRBA1;A3:chr7:149418081-149418471:149418081-149418474:+	0	0	0.52	0	1	1	0.547636918791	0.24	0.33	0.421052631578947	0.578947368421053	0.157894736842105	1	0.35	0	1	0	-1	KRBA1	0.0526315789333333	FALSE	A3
IBTK;A3:chr6:82906163-82909858:82906118-82909858:-	0.957425172697	13.18	0.67	0.951624548736462	0.0483754512635379	-0.903249097472924	0.946119490908	16.04	1.03	0.939660222612771	0.0603397773872291	-0.879320445225542	0.95865165992	15.35	0.73	0.954601990049751	0.0453980099502488	-0.909203980099503	IBTK	-0.897257840733333	TRUE	A3
RTCA-AS1;A5:chr1:100730803-100731371:100730803-100731385:-	0	0	0.15	0	1	1	1	0	0.3	0	1	1	0	0	0.14	0	1	1	RTCA-AS1	1	TRUE	A5
LOC403323;A5:chr9:66525128-66553243:66525128-66553353:-	0.816598473645	5.8	1.22	0.826210826210826	0.173789173789174	-0.652421652421652	0.97116115752	6.05	0.35	0.9453125	0.0546875	-0.890625	0.895583202558	5.96	0.81	0.880354505169867	0.119645494830133	-0.760709010339734	LOC403323	-0.767918554	TRUE	A5
SGSM3;A3:chr22:40798209-40800251:40798209-40800313:+	0.8105511	17.01	4.42	0.7937471	0.2062529	-0.5874942	0.8297027	15.68	4.12	0.7919192	0.2080808	-0.5838384	0.8287651	17.34	4.57	0.7914194	0.2085806	-0.5828389	SGSM3	-0.5847238	TRUE	A3
HOMER2;A3:chr15:83527920-83532919:83527887-83532919:-	0.049075599737	1.43	29.95	0.0455704270235819	0.954429572976418	0.908859145952836	0.0915362942714	2.46	27.24	0.0828282828282828	0.917171717171717	0.834343434343434	0.0823215955126	2.3	27.12	0.0781781101291638	0.921821889870836	0.843643779741672	HOMER2	0.8622821201	TRUE	A3
CCNC;A5:chr6:100010824-100016372:100010824-100016594:-	0.975237533212	37.92	6.98	0.844543429844098	0.155456570155902	-0.689086859688196	0.972405821909	43.35	3.07	0.933864713485567	0.0661352865144334	-0.867729426971133	0.984776493413	44.66	1.88	0.959604641168887	0.040395358831113	-0.919209282337774	CCNC	-0.825341856333333	TRUE	A5
ZNF266;A5:chr19:9529307-9529438:9529307-9529442:-	0.4462504	2.56	2.99	0.4612613	0.5387387	0.07747748	0.4401899	3.06	3.15	0.4927536	0.5072464	0.01449275	0.4505866	2.63	3.14	0.4558059	0.5441941	0.08838821	ZNF266	0.06011948	FALSE	A5
TCTN2;A3:chr12:124156679-124158162:124156679-124158165:+	0.663316650311	2.61	1.34	0.660759493670886	0.339240506329114	-0.321518987341772	0.0659290389672	0.01	4.71	0.00211864406779661	0.997881355932203	0.995762711864407	0.619931018131	3.23	1.35	0.705240174672489	0.294759825327511	-0.410480349344978	TCTN2	0.0879211253	FALSE	A3
PRR13;A3:chr12:53836517-53837175:53836517-53837325:+	0.985189475075	271.64	4.89	0.982316566014537	0.0176834339854627	-0.964633132029075	0.986638173834	261.8	4.56	0.982880312359213	0.0171196876407869	-0.965760624718426	0.988945973928	272.49	4.27	0.984571469865588	0.0154285301344125	-0.969142939731175	PRR13	-0.966512232233333	TRUE	A3
ADAT1;A3:chr16:75652596-75654164:75652538-75654164:-	0	0	11.71	0	1	1	0	0	14.09	0	1	1	0	0	12.71	0	1	1	ADAT1	1	TRUE	A3
GPS1;A3:chr17:80011925-80012374:80011925-80012386:+	0.7985569	81.64	16.33	0.8333163	0.1666837	-0.6666326	0.7984857	75.44	14.72	0.8367347	0.1632653	-0.6734694	0.7903894	79.68	16.04	0.8324279	0.1675721	-0.6648558	GPS1	-0.6683193	TRUE	A3
ASRGL1;A3:chr11:62105046-62105362:62105046-62105439:+	0.16960835974	0.97	5.28	0.1552	0.8448	0.6896	0.0786203821517	0.5	6.83	0.0682128240109141	0.931787175989086	0.863574351978172	0.280149231678	1.56	4.5	0.257425742574257	0.742574257425743	0.485148514851485	ASRGL1	0.679440955666667	TRUE	A3
WDTC1;A3:chr1:27622892-27623539:27622892-27623542:+	1	9.2	0	1	0	-1	1	9.16	0.55	0.943357363542739	0.0566426364572606	-0.886714727085479	0.94344612807	8.47	0.52	0.942157953281424	0.0578420467185762	-0.884315906562848	WDTC1	-0.923676878033333	TRUE	A3
SLC25A39;A3:chr17:42399920-42400176:42399896-42400176:-	0.250063779192	45.89	157.52	0.225603460990118	0.774396539009881	0.548793078019763	0.284936623314	44.8	135.9	0.24792473713337	0.75207526286663	0.50415052573326	0.287585841532	49.37	141.08	0.259228143869782	0.740771856130218	0.481543712260436	SLC25A39	0.5114957719	TRUE	A3
IFITM3;A3:chr11:319990-320565:319985-320565:-	0.979804968178	892.69	23.18	0.974690731217313	0.0253092687826875	-0.949381462434625	0.981951419495	822.61	18.91	0.977528757486453	0.0224712425135469	-0.955057514972906	0.979533754356	921.85	20.72	0.978017547768335	0.0219824522316645	-0.956035095536671	IFITM3	-0.953491357666667	TRUE	A3
TCN2;A5:chr22:31009029-31010336:31008948-31010336:+	0.756355657147	2.98	1.13	0.725060827250608	0.274939172749392	-0.450121654501217	1	4.36	0	1	0	-1	0.896086054086	3.62	0.47	0.885085574572127	0.114914425427873	-0.770171149144254	TCN2	-0.740097601333333	TRUE	A5
GPS1;A3:chr17:80011925-80012374:80011925-80012386:+	0.7985569	81.64	16.33	0.8333163	0.1666837	-0.6666326	0.7984857	75.44	14.72	0.8367347	0.1632653	-0.6734694	0.7903894	79.68	16.04	0.8324279	0.1675721	-0.6648558	GPS1	-0.6683193	TRUE	A3
STRADB;A3:chr2:202344254-202344731:202344254-202344755:+	0	0	45.71	0	1	1	0.0108456576423	0.52	47.88	0.0107438016528926	0.989256198347107	0.978512396694215	0	0	48.92	0	1	1	STRADB	0.992837465566667	TRUE	A3
MAPKAPK2;A3:chr1:206905264-206905383:206905264-206905920:+	0.044034878299	3.22	95.12	0.0327435428106569	0.967256457189343	0.934512914378686	0.0384364576505	3.31	97.72	0.0327625457784816	0.967237454221518	0.934474908443037	0.0458990441852	4.1	104.13	0.037882287720595	0.962117712279405	0.92423542455881	MAPKAPK2	0.9310744158	TRUE	A3
C2CD2L;A3:chr11:118984422-118984562:118984422-118984565:+	0.181697646381	3.29	15.46	0.175466666666667	0.824533333333333	0.649066666666667	0.0961669645173	2.22	17.67	0.111613876319759	0.888386123680241	0.776772247360483	0.163653385879	3.32	17.4	0.16023166023166	0.83976833976834	0.67953667953668	C2CD2L	0.7017918648	TRUE	A3
SMEK1;A5:chr14:91939714-91942155:91939714-91942194:-	0.218964763956	15.61	40.74	0.277018633540373	0.722981366459627	0.445962732919255	0.171225338845	14.58	51.44	0.220842169039685	0.779157830960315	0.55831566192063	0.196902879809	16.13	48.21	0.250699409387628	0.749300590612372	0.498601181224744	SMEK1	0.500959858633333	TRUE	A5
LYSMD3;A3:chr5:89815301-89820852:89815242-89820852:-	0.944030468103	12.55	1.46	0.895788722341185	0.104211277658815	-0.79157744468237	0.900296552448	17.98	3.42	0.840186915887851	0.15981308411215	-0.680373831775701	0.0532483086514	18.32	1.72	0.914171656686627	0.0858283433133733	-0.828343313373254	LYSMD3	-0.766764863266667	TRUE	A3
ZNF408;A5:chr11:46722691-46722949:46722649-46722949:+	0.485837706405	8.28	4.75	0.635456638526477	0.364543361473523	-0.270913277052955	0.235619347247	4.72	6.34	0.426763110307414	0.573236889692586	0.146473779385172	0.338934082803	6.25	6.19	0.502411575562701	0.497588424437299	-0.00482315112540188	ZNF408	-0.0430875495333333	FALSE	A5
TFE3;A3:chrX:48896935-48897982:48896870-48897982:-	0.671963441033	35.48	19.24	0.648391812865497	0.351608187134503	-0.296783625730994	0.602040622837	30.03	25.58	0.540010789426362	0.459989210573638	-0.0800215788527244	0.689435191833	35.73	20.16	0.639291465378422	0.360708534621578	-0.278582930756844	TFE3	-0.218462711966667	TRUE	A3
PPP1R12C;A3:chr19:55604236-55604384:55604233-55604384:-	0.4690008	14.06	15.53	0.4751605	0.5248395	0.04967895	0.42945	12.38	16.73	0.4252834	0.5747166	0.1494332	0.3883843	11.64	18.33	0.3883884	0.6116116	0.2232232	PPP1R12C	0.1407785	FALSE	A3
SHISA4;A5:chr1:201858195-201858573:201857909-201858573:+	0.375135827237	2.64	6.51	0.288524590163934	0.711475409836065	0.422950819672131	0.471052155316	2.47	5.56	0.307596513075965	0.692403486924035	0.38480697384807	0.365924702125	1.64	4.16	0.282758620689655	0.717241379310345	0.43448275862069	SHISA4	0.414080184266667	TRUE	A5
APLP1;A3:chr19:36368727-36368984:36368727-36368987:+	0.109569518834	0.63	3.57	0.15	0.85	0.7	0	0	3.94	0	1	1	0.0898157832798	0.34	3.8	0.0821256038647343	0.917874396135266	0.835748792270531	APLP1	0.845249597333333	TRUE	A3
RFC1;A3:chr4:39308324-39310256:39308321-39310256:-	0.134090913868	1.7	10.48	0.139573070607553	0.860426929392447	0.720853858784893	0.255499422467	4.07	11.87	0.255332496863237	0.744667503136763	0.489335006273526	0.27295609691	3.99	10.22	0.280788177339901	0.719211822660099	0.438423645320197	RFC1	0.549537503433333	TRUE	A3
MAN2B1;A3:chr19:12769324-12772074:12769321-12772074:-	0.992185033525	30.55	0	1	0	-1	1	29.1	0	1	0	-1	1	29.69	0	1	0	-1	MAN2B1	-1	TRUE	A3
PCTP;A5:chr17:53828838-53844696:53828605-53844696:+	0.120403890774	2.49	21.69	0.102977667493797	0.897022332506204	0.794044665012407	0.0555917564235	1.3	24.01	0.0513630975898854	0.948636902410115	0.897273804820229	0.0425150877689	0.61	21.97	0.0270150575730735	0.972984942426926	0.945969884853853	PCTP	0.879096118266667	TRUE	A5
SURF2;A3:chr9:136227310-136227932:136227310-136227935:+	1	78.59	0	1	0	-1	1	78.42	0	1	0	-1	0.964133122231	71.48	2.64	0.964382083108473	0.0356179168915273	-0.928764166216945	SURF2	-0.976254722	TRUE	A3
PMS2;A3:chr7:6045662-6048628:6045657-6048628:-	1	1.52	5.54	0.215297450424929	0.784702549575071	0.569405099150142	0.879749832186	4.38	3.89	0.52962515114873	0.47037484885127	-0.0592503022974606	1	3.32	4.46	0.426735218508997	0.573264781491003	0.146529562982005	PMS2	0.218894786566667	TRUE	A3
FAM58A;A3:chrX:152853912-152857964:152853852-152857964:-	0.596601669355	17.87	12.3	0.592310241962214	0.407689758037786	-0.184620483924428	0.658993555107	17.48	9.73	0.642410878353546	0.357589121646454	-0.284821756707093	0.679794504698	19.66	9.77	0.668025823989127	0.331974176010873	-0.336051647978254	FAM58A	-0.2684979629	TRUE	A3
TTC19;A5:chr17:15903696-15905229:15903559-15905229:+	0.120196069515	3.54	29.91	0.105829596412556	0.894170403587444	0.788340807174888	0.0943876670091	3	34.07	0.0809279741030483	0.919072025896952	0.838144051793903	0.0718187450383	1.9	31.92	0.0561797752808989	0.943820224719101	0.887640449438202	TTC19	0.838041769266667	TRUE	A5
MOCS2;A5:chr5:52404473-52405081:52404473-52405542:-	0.0723282722762	2.77	38.99	0.0663314176245211	0.933668582375479	0.867337164750958	0.0507551330054	2.16	43.2	0.0476190476190476	0.952380952380952	0.904761904761905	0.0729952350001	2.76	41.74	0.0620224719101124	0.937977528089888	0.875955056179775	MOCS2	0.8826847086	TRUE	A5
WDR31;A3:chr9:116093396-116094187:116093393-116094187:-	0.044659905002	0	0.18	0	1	1	1	0.34	0	1	0	-1	0.498803473422	0.1	0.1	0.5	0.5	0	WDR31	0	FALSE	A3
CLTC;A5:chr17:57721856-57724759:57721844-57724759:+	0.00645328940357	1.05	175.14	0.00595947556615018	0.99404052443385	0.9880810488677	0.00343863983849	0.73	224.67	0.00323868677905945	0.996761313220941	0.993522626441881	0.00365693516045	0.72	203.42	0.00352699128049378	0.996473008719506	0.992946017439012	CLTC	0.991516564133333	TRUE	A5
TMEM127;A3:chr2:96931250-96931607:96931227-96931607:-	0.413395701186	9.17	12.65	0.42025664527956	0.57974335472044	0.15948670944088	0.538779261314	12.71	12.2	0.510236852669611	0.489763147330389	-0.0204737053392212	0.566268127935	13.52	10.39	0.565453785027185	0.434546214972815	-0.13090757005437	TMEM127	0.00270181123333334	FALSE	A3
TMEM71;A3:chr8:133759360-133764031:133759303-133764031:-	0.06657011	14.04	11.04	0.5598086	0.4401914	-0.1196172	0.4600466	14.01	13.87	0.5025108	0.4974892	-0.005021521	0.4588928	12.17	10.67	0.5328371	0.4671629	-0.06567426	TMEM71	-0.06343767	FALSE	A3
IRF2BP2;A5:chr1:234743598-234744193:234743598-234744241:-	0.518607785421	9.71	10.65	0.476915520628684	0.523084479371316	0.0461689587426325	0.56778313034	11.69	10.68	0.522574877067501	0.477425122932499	-0.0451497541350022	0.43017785786	9.97	14.73	0.403643724696356	0.596356275303644	0.192712550607287	IRF2BP2	0.0645772519666667	FALSE	A5
CAP1;A5:chr1:40506473-40525009:40506455-40525009:+	0.588033105345	253.58	207.71	0.549719265537948	0.450280734462052	-0.0994385310758958	0.615392683645	281.94	205.8	0.578053881166195	0.421946118833805	-0.15610776233239	0.57137613781	251.03	227.21	0.52490381398461	0.47509618601539	-0.0498076279692205	CAP1	-0.101784640433333	FALSE	A5
INTS2;A5:chr17:60004023-60005015:60004023-60005296:-	0.212475431571	1.09	4.44	0.197106690777577	0.802893309222423	0.605786618444846	0.299445164485	1.98	6.76	0.226544622425629	0.773455377574371	0.546910755148741	0.561033112251	3.13	4.44	0.413474240422721	0.586525759577279	0.173051519154558	INTS2	0.441916297366667	TRUE	A5
IFI27L1;A3:chr14:94547795-94563187:94547795-94563233:+	0.132127861045	1.86	27	0.0644490644490645	0.935550935550936	0.871101871101871	0.0777770465843	1.18	30.1	0.0377237851662404	0.96227621483376	0.924552429667519	0.0551063632927	0	31.17	0	1	1	IFI27L1	0.9318847669	TRUE	A3
SBNO1;A3:chr12:123830117-123832576:123830114-123832576:-	0.37937978168	6.25	9.69	0.392095357590966	0.607904642409034	0.215809284818068	0.441333127626	9.86	13.09	0.42962962962963	0.57037037037037	0.140740740740741	0.429936559551	8.57	12.63	0.404245283018868	0.595754716981132	0.191509433962264	SBNO1	0.182686486566667	FALSE	A3
ZNF501;A5:chr3:44771507-44772968:44771214-44772968:+	1	1.18	0	1	0	-1	0.422031508201	0.43	0.67	0.390909090909091	0.609090909090909	0.218181818181818	0.357576154956	0.4	0.75	0.347826086956522	0.652173913043478	0.304347826086956	ZNF501	-0.159156785266667	FALSE	A5
DOHH;A5:chr19:3496884-3500531:3496884-3500559:-	0.133097741839	19.36	33.25	0.367990876259266	0.632009123740734	0.264018247481467	0	11.08	34.9	0.240974336668117	0.759025663331883	0.518051326663767	0.202447598128	19.03	29.18	0.394731383530388	0.605268616469612	0.210537232939224	DOHH	0.330868935566667	TRUE	A5
CEP55;A5:chr10:95256680-95259797:95256538-95259797:+	0.475956428841	62.68	103.4	0.377408477842004	0.622591522157996	0.245183044315992	0.46002329494	75.47	130.29	0.366786547433904	0.633213452566096	0.266426905132193	0.464509049564	74.53	125.07	0.373396793587174	0.626603206412826	0.253206412825651	CEP55	0.254938787366667	TRUE	A5
SDF2;A5:chr17:26982501-26988744:26982501-26989064:-	0.659650277423	37.55	23.07	0.619432530517981	0.380567469482019	-0.238865061035962	0.732580091872	38.22	18.91	0.669000525118152	0.330999474881848	-0.338001050236303	0.687917668428	37.25	22.74	0.620936822803801	0.379063177196199	-0.241873645607601	SDF2	-0.2729132524	TRUE	A5
NEURL4;A5:chr17:7226185-7226267:7226185-7226273:-	0.737438433975	4.81	1.73	0.735474006116208	0.264525993883792	-0.470948012232416	0.718745713182	5.09	1.83	0.735549132947977	0.264450867052023	-0.471098265895954	0.807898638486	5.22	1.25	0.806800618238022	0.193199381761978	-0.613601236476043	NEURL4	-0.5185491713	TRUE	A5
MORC4;A5:chrX:106184862-106185168:106184862-106185206:-	0.64782090965	28.23	17.34	0.619486504279131	0.380513495720869	-0.238973008558262	0.663773882496	32.3	16.81	0.657707187945429	0.342292812054571	-0.315414375890857	0.626287560135	32.42	18.51	0.636559984292166	0.363440015707834	-0.273119968584331	MORC4	-0.275835784633333	TRUE	A5
SMEK1;A5:chr14:91939714-91942155:91939714-91942194:-	0.218964763956	15.61	40.74	0.277018633540373	0.722981366459627	0.445962732919255	0.171225338845	14.58	51.44	0.220842169039685	0.779157830960315	0.55831566192063	0.196902879809	16.13	48.21	0.250699409387628	0.749300590612372	0.498601181224744	SMEK1	0.500959858633333	TRUE	A5
GMEB1;A3:chr1:28995351-29010095:28995351-29010098:+	0.4811683	4.13	4.51	0.4780093	0.5219907	0.04398148	0.4172573	3.68	5.49	0.4013086	0.5986914	0.1973828	0.2789367	2.31	6.86	0.2519084	0.7480916	0.4961832	GMEB1	0.2458492	TRUE	A3
ELF3;A5:chr1:201979948-201980257:201979834-201980257:+	0	0	0.26	0	1	1	0	0	0.36	0	1	1	0	0	0.22	0	1	1	ELF3	1	TRUE	A5
ZNF746;A3:chr7:149172574-149174013:149172571-149174013:-	0.590951859189	6.31	4.53	0.58210332103321	0.41789667896679	-0.164206642066421	0.628130622167	7.2	4.37	0.622299049265341	0.377700950734659	-0.244598098530683	0.383081876745	4.52	7.61	0.372629843363561	0.627370156636439	0.254740313272877	ZNF746	-0.0513548091666667	FALSE	A3
SNX19;A5:chr11:130781666-130784161:130781666-130786175:-	0.496393782051	14.26	22.27	0.390364084314262	0.609635915685738	0.219271831371475	0.51656184404	16.79	26.92	0.384122626401281	0.615877373598719	0.231754747197438	0.504531436969	16.25	26.5	0.380116959064327	0.619883040935672	0.239766081871345	SNX19	0.230264220066667	TRUE	A5
C2CD2L;A3:chr11:118984422-118984562:118984422-118984565:+	0.181697646381	3.29	15.46	0.175466666666667	0.824533333333333	0.649066666666667	0.0961669645173	2.22	17.67	0.111613876319759	0.888386123680241	0.776772247360483	0.163653385879	3.32	17.4	0.16023166023166	0.83976833976834	0.67953667953668	C2CD2L	0.7017918648	TRUE	A3
RASAL2;A3:chr1:178423783-178425835:178423783-178425856:+	0.432294925171	3.29	3.09	0.515673981191223	0.484326018808777	-0.0313479623824451	0.369365279744	4.27	4.39	0.493071593533487	0.506928406466513	0.0138568129330254	0.511798732042	4.46	2.9	0.605978260869565	0.394021739130435	-0.21195652173913	RASAL2	-0.0764825570333333	FALSE	A3
TMEM132A;A3:chr11:60698131-60699158:60698131-60699161:+	0.392421553745	24.31	37.34	0.394322789943228	0.605677210056772	0.211354420113544	0.474726322198	25.83	28.3	0.477184555699243	0.522815444300758	0.045630888601515	0.43526748878	23.5	30.99	0.431271792989539	0.568728207010461	0.137456414020921	TMEM132A	0.1314805742	FALSE	A3
UPF1;A5:chr19:18963913-18964061:18963880-18964061:+	0.224304768693	10.86	40.32	0.212192262602579	0.787807737397421	0.575615474794842	0.20647962962	10.22	41.83	0.196349663784822	0.803650336215178	0.607300672430355	0.181730949987	9.35	43.8	0.175917215428034	0.824082784571966	0.648165569143932	UPF1	0.610360572133333	TRUE	A5
