event_id	SRR1513329_Sample1	tpm1_sample1	tpm2_sample1	PSI_original_sample1	PSI_switched_sample1	DeltaPSI_sample1	SRR1513330_Sample1	tpm1_sample2	tpm2_sample2	PSI_original_sample2	PSI_switched_sample2	DeltaPSI_sample2	SRR1513331_Sample1	tpm1	tpm2	PSI_original	PSI_switched	DeltaPSI	gene	meanDeltaPSI	significant	event_type
ACO1;SE:chr9:32384733-32386369:32386440-32405483:+	0.13013667495	13.09	194.34	0.0631056259943113	0.936894374005689	0.873788748011377	0.126037729688	15.75	199.59	0.0731401504597381	0.926859849540262	0.853719699080524	0.144002181025	14.07	195.09	0.0672690763052209	0.932730923694779	0.865461847389558	ACO1	0.864323431366667	TRUE	SE
ACOT9;SE:chrX:23751334-23752458:23752484-23754036:-	0.864156793406	56.92	9.98	0.850822122571001	0.149177877428998	-0.701644245142003	0.8634748031	57.15	9.71	0.854771163625486	0.145228836374514	-0.709542327250972	0.875142782574	56.99	8.83	0.865846247341234	0.134153752658766	-0.731692494682467	ACOT9	-0.714293022433333	TRUE	SE
ACTG2;SE:chr2:74128564-74129487:74129615-74135800:+	1	0.96	0	1	0	-1	1	0.46	0	1	0	-1	0	0	0.24	0	1	1	ACTG2	-0.333333333333333	TRUE	SE
ADCK1;SE:chr14:78288861-78325419:78325622-78353434:+	0.68665923223	1.27	1.23	0.508	0.492	-0.016	0.533082605965	0.99	1.7	0.368029739776952	0.631970260223048	0.263940520446097	0.812325102627	1.18	0.99	0.543778801843318	0.456221198156682	-0.0875576036866359	ADCK1	0.0534609721333333	FALSE	SE
AFAP1;SE:chr4:7780603-7783103:7783354-7787921:-	0.0431905917289	0.16	4.82	0.0321285140562249	0.967871485943775	0.93574297188755	0.0314375708735	0	5.95	0	1	1	0	0	5.88	0	1	1	AFAP1	0.978580990666667	TRUE	SE
AGO3;SE:chr1:36411464-36432556:36432676-36437625:+	1	2.92	0	1	0	-1	1	3.16	0	1	0	-1	1	3.26	0	1	0	-1	AGO3	-1	TRUE	SE
AKNAD1;SE:chr1:109359799-109363167:109363248-109365992:-	0	0	0.25	0	1	1	0	0.08	0.33	0.195121951219512	0.804878048780488	0.609756097560976	0	0.14	0.17	0.451612903225806	0.548387096774194	0.0967741935483871	AKNAD1	0.568843430533333	TRUE	SE
ALDH3A2;SE:chr17:19575269-19576464:19576588-19578871:+	0.228097665898	11.65	44.32	0.208147221725925	0.791852778274075	0.583705556548151	0.237069971223	12.47	48.25	0.205368906455863	0.794631093544137	0.589262187088274	0.157281507037	7.85	50.62	0.134256883872071	0.865743116127929	0.731486232255858	ALDH3A2	0.634817992033333	TRUE	SE
AMOTL1;SE:chr11:94501726-94528177:94528326-94532556:+	0.512885021623	7.06	12.08	0.368861024033438	0.631138975966562	0.262277951933124	0.705221763228	13.42	11.67	0.534874451972898	0.465125548027102	-0.0697489039457952	0.662876040843	11.65	9.94	0.539601667438629	0.460398332561371	-0.0792033348772581	AMOTL1	0.0377752377	FALSE	SE
AP3M2;SE:chr8:42010623-42011996:42012054-42012134:+	0.079287281111	1	12.9	0.0719424460431655	0.928057553956835	0.856115107913669	0.13902313248	1.89	12.93	0.12753036437247	0.87246963562753	0.744939271255061	0.270815321288	4.04	11.82	0.254728877679697	0.745271122320303	0.490542244640605	AP3M2	0.697198874766667	TRUE	SE
AP5M1;SE:chr14:57736106-57740962:57741607-57746913:+	1	38.09	0	1	0	-1	1	41.74	0.78	0.981655691439323	0.0183443085606773	-0.963311382878645	0.986219397409	39.24	1.57	0.961529037000735	0.0384709629992649	-0.92305807400147	AP5M1	-0.9621231523	TRUE	SE
APBA2;SE:chr15:29385423-29386481:29386516-29390693:+	0	0	0.27	0	1	1	0	0	0.31	0	1	1	0	0	0.28	0	1	1	APBA2	1	TRUE	SE
APH1B;SE:chr15:63578827-63579623:63579745-63594544:+	0.927538646646	4.55	0.41	0.917338709677419	0.0826612903225806	-0.834677419354839	0.981524980355	6.41	0.14	0.978625954198473	0.0213740458015267	-0.957251908396947	0.917939357232	5.95	0.61	0.907012195121951	0.0929878048780488	-0.814024390243902	APH1B	-0.868651239133333	TRUE	SE
ARFGAP2;SE:chr11:47195391-47196566:47196649-47196733:-	0.988333775526	26.39	0.45	0.983233979135618	0.0167660208643815	-0.966467958271237	1	25.9	0	1	0	-1	0.989191695843	24.08	0.32	0.986885245901639	0.0131147540983607	-0.973770491803279	ARFGAP2	-0.980079483333333	TRUE	SE
ARL1;SE:chr12:101796724-101799622:101799759-101801420:-	1	54.43	0	1	0	-1	1	59.96	0	1	0	-1	1	57.61	0	1	0	-1	ARL1	-1	TRUE	SE
ARMC2;SE:chr6:109175688-109179402:109179474-109190027:+	0.718972527276	0.38	0.15	0.716981132075472	0.283018867924528	-0.433962264150943	1	0.32	0	1	0	-1	0.848127360187	0.47	0.1	0.824561403508772	0.175438596491228	-0.649122807017544	ARMC2	-0.694361690333333	TRUE	SE
ARMC6;SE:chr19:19144739-19144940:19145047-19153520:+	0.27771781175	20.18	58.24	0.257332313185412	0.742667686814588	0.485335373629176	0.289740967872	18.43	50.02	0.269247626004383	0.730752373995617	0.461504747991234	0.246560129317	15.74	58.24	0.212760205460935	0.787239794539065	0.574479589078129	ARMC6	0.507106570333333	TRUE	SE
ASGR1;SE:chr17:7080395-7080529:7080645-7081813:-	1	0.45	0	1	0	-1	1	0.8	0	1	0	-1	0	0	0.8	0	1	1	ASGR1	-0.333333333333333	TRUE	SE
ASPM;SE:chr1:197065294-197069561:197074315-197086919:-	0.918541750886	6.3	3.25	0.659685863874345	0.340314136125654	-0.319371727748691	0.923770303469	9.76	3.24	0.750769230769231	0.249230769230769	-0.501538461538461	0.841883019439	6.72	3.48	0.658823529411765	0.341176470588235	-0.317647058823529	ASPM	-0.379519082833333	TRUE	SE
ATG10;SE:chr5:81268125-81272012:81272146-81283378:+	0.547227926078	1.3	1.5	0.464285714285714	0.535714285714286	0.0714285714285713	0.389124710078	0.92	2.05	0.30976430976431	0.69023569023569	0.38047138047138	0.639609595234	1.95	1.26	0.607476635514019	0.392523364485981	-0.214953271028037	ATG10	0.0789822268333333	FALSE	SE
ATP5H;SE:chr17:73035366-73036187:73036258-73038276:-	0.991863206011	449.57	4.66	0.989740880170838	0.0102591198291614	-0.979481760341677	0.992818886754	438.53	3.85	0.991297074912971	0.00870292508702925	-0.982594149825941	0.986030680919	424.27	5.85	0.986399144424812	0.0136008555751883	-0.972798288849623	ATP5H	-0.9782913996	TRUE	SE
ATXN1;SE:chr6:16753578-16754274:16754322-16761529:-	0.188628557225	0.34	1.51	0.183783783783784	0.816216216216216	0.632432432432432	0.0583824227565	0.12	1.99	0.0568720379146919	0.943127962085308	0.886255924170616	0	0	1.91	0	1	1	ATXN1	0.8395627854	TRUE	SE
B4GALT4;SE:chr3:118949091-118953992:118954074-118955700:-	0.0999403369745	0.68	7.56	0.0825242718446602	0.91747572815534	0.83495145631068	0.0347828107895	0.27	8.91	0.0294117647058824	0.970588235294118	0.941176470588235	0	0	9.06	0	1	1	B4GALT4	0.925375975533333	TRUE	SE
BAG4;SE:chr8:38034657-38050206:38050313-38065030:+	0.787858625951	9.97	3.45	0.742921013412817	0.257078986587183	-0.485842026825633	0.807127821042	11.67	4.27	0.732120451693852	0.267879548306148	-0.464240903387704	0.837388808481	12.49	3.6	0.776258545680547	0.223741454319453	-0.552517091361094	BAG4	-0.5008666738	TRUE	SE
BCL2A1;SE:chr15:80253516-80259979:80260034-80263042:-	0.419212159391	18.81	27.56	0.405650204873841	0.594349795126159	0.188699590252318	0.486611359467	20.71	23.73	0.466021602160216	0.533978397839784	0.067956795679568	0.543548102996	21.98	20.8	0.513791491351099	0.486208508648901	-0.0275829827021973	BCL2A1	0.0763578009	FALSE	SE
C11orf70;SE:chr11:101929686-101937216:101937382-101946604:+	0.253317495784	0.44	1.44	0.234042553191489	0.765957446808511	0.531914893617021	0.325693700945	0.41	1.27	0.244047619047619	0.755952380952381	0.511904761904762	0.464798606538	0.67	0.83	0.446666666666667	0.553333333333333	0.106666666666667	C11orf70	0.383495440966667	TRUE	SE
C16orf62;SE:chr16:19659204-19661704:19661781-19663298:+	1	3.35	0	1	0	-1	1	3.25	0	1	0	-1	1	3.17	0	1	0	-1	C16orf62	-1	TRUE	SE
C1orf116;SE:chr1:207198409-207200839:207201024-207205924:-	1	0.24	0	1	0	-1	0	0	0.26	0	1	1	0	0	0.23	0	1	1	C1orf116	0.333333333333333	TRUE	SE
CARD16;SE:chr11:104912446-104914210:104914272-104915119:-	0.414239967529	4.96	8.2	0.376899696048632	0.623100303951368	0.246200607902736	0.424978606282	4.37	6.85	0.389483065953654	0.610516934046346	0.221033868092692	0.547813535754	5.8	5.62	0.507880910683012	0.492119089316988	-0.0157618213660244	CARD16	0.150490885033333	FALSE	SE
CASC4;SE:chr15:44673174-44695085:44695252-44705534:+	0.477682527322	9.73	16.41	0.372226472838562	0.627773527161438	0.255547054322877	0.491975903485	13.65	18.9	0.419354838709677	0.580645161290323	0.161290322580645	0.493753807802	12.86	18.52	0.409815168897387	0.590184831102613	0.180369662205226	CASC4	0.199069012866667	FALSE	SE
CASP3;SE:chr4:185559622-185569619:185569785-185570549:-	0.487014941154	14.31	17.64	0.447887323943662	0.552112676056338	0.104225352112676	0.543288175372	19.67	18.71	0.512506513809276	0.487493486190724	-0.0250130276185514	0.586957464337	19.04	15.61	0.549494949494949	0.450505050505051	-0.098989898989899	CASP3	-0.00659252486666667	FALSE	SE
CBWD3;SE:chr9:70863813-70871837:70871896-70873448:+	0.99999987765	1.7	0.77	0.688259109311741	0.311740890688259	-0.376518218623482	0.656876903769	0.92	1.39	0.398268398268398	0.601731601731602	0.203463203463203	1	0.87	0.63	0.58	0.42	-0.16	CBWD3	-0.1110183385	FALSE	SE
CBY1;SE:chr22:39052755-39061551:39061690-39064022:+	0.177652828711	5.65	35.23	0.13820939334638	0.86179060665362	0.723581213307241	0.243390211036	9.01	33.93	0.209827666511411	0.790172333488589	0.580344666977177	0.165992650016	6.08	38.24	0.137184115523466	0.862815884476534	0.725631768953069	CBY1	0.676519216333333	TRUE	SE
CCL5;SE:chr17:34199468-34202565:34202646-34205532:-	1	0.86	2.12	0.288590604026846	0.711409395973154	0.422818791946309	0	0	4.64	0	1	1	0	0.72	4.32	0.142857142857143	0.857142857142857	0.714285714285714	CCL5	0.712368168666667	TRUE	SE
CCNT1;SE:chr12:49089612-49089782:49089945-49091921:-	0.883797707433	4.29	2.27	0.653963414634146	0.346036585365854	-0.307926829268293	0.765998240457	5.97	2.81	0.67995444191344	0.32004555808656	-0.359908883826879	0.89419381611	6.58	1.73	0.791817087845969	0.208182912154031	-0.583634175691937	CCNT1	-0.4171566296	TRUE	SE
CDC42BPA;SE:chr1:227300123-227300372:227300614-227307505:-	0.958527158859	11.66	0.32	0.973288814691152	0.0267111853088481	-0.946577629382304	0.965495048137	14.39	0.73	0.951719576719577	0.0482804232804233	-0.903439153439153	0.973475726066	11.36	0.44	0.96271186440678	0.0372881355932203	-0.925423728813559	CDC42BPA	-0.925146837133333	TRUE	SE
CDC42SE1;SE:chr1:151028469-151029127:151029262-151031955:-	0.0594296981697	1.07	52.07	0.0201354911554385	0.979864508844562	0.959729017689123	0.0646608686198	1.51	53.59	0.0274047186932849	0.972595281306715	0.94519056261343	0.0493270534907	1.44	56.49	0.0248575867426204	0.97514241325738	0.950284826514759	CDC42SE1	0.951734802533333	TRUE	SE
CDK5;SE:chr7:150752693-150752840:150752935-150753667:-	0.663903539969	25.13	15.27	0.622029702970297	0.377970297029703	-0.244059405940594	0.572618912189	19.59	20.21	0.492211055276382	0.507788944723618	0.0155778894472362	0.660824656895	23.86	16.01	0.598444946074743	0.401555053925257	-0.196889892149486	CDK5	-0.141790469533333	FALSE	SE
CENPE;SE:chr4:104084413-104084636:104084710-104095893:-	0	0.86	2.22	0.279220779220779	0.720779220779221	0.441558441558442	0.239801757453	2.11	2.05	0.507211538461538	0.492788461538461	-0.014423076923077	0.395587222945	2.22	1.11	0.666666666666667	0.333333333333333	-0.333333333333333	CENPE	0.0312673440333333	FALSE	SE
CEP152;SE:chr15:49037189-49040640:49040807-49044546:-	0.933517351981	1.95	0.18	0.915492957746479	0.0845070422535211	-0.830985915492958	0.861676122713	2.26	0.71	0.760942760942761	0.239057239057239	-0.521885521885522	0.858491975882	1.92	0.88	0.685714285714286	0.314285714285714	-0.371428571428571	CEP152	-0.5747666693	TRUE	SE
CEP78;SE:chr9:80880459-80880775:80880822-80881358:+	0.504363984899	9.55	10.28	0.481593545133636	0.518406454866364	0.036812909732728	0.0864388515954	8.22	12.71	0.392737697085523	0.607262302914477	0.214524605828954	0.477788084529	9.12	10.54	0.463886063072228	0.536113936927772	0.0722278738555443	CEP78	0.107855129933333	FALSE	SE
CEP83;SE:chr12:94806367-94829051:94829103-94853333:-	0	0	2.84	0	1	1	0	0	3.02	0	1	1	0	0	3.19	0	1	1	CEP83	1	TRUE	SE
CHCHD4;SE:chr3:14158024-14163417:14163586-14166155:-	0.0998652975546	5.63	65.78	0.0788404985296177	0.921159501470382	0.842319002940765	0.0849380616487	4.74	72.51	0.0613592233009709	0.938640776699029	0.877281553398058	0.0892531116157	5.61	73.11	0.071265243902439	0.928734756097561	0.857469512195122	CHCHD4	0.859023356133333	TRUE	SE
CHKA;SE:chr11:67842297-67848871:67848924-67864486:-	0.953288230508	54.13	3.28	0.942867096324682	0.0571329036753179	-0.885734192649364	0.973121114149	56.77	2.39	0.959601081812035	0.0403989181879648	-0.91920216362407	0.964152020811	56.49	2.75	0.953578663065496	0.0464213369345037	-0.907157326130993	CHKA	-0.904031227533333	TRUE	SE
CHORDC1;SE:chr11:89947343-89948342:89948398-89951303:-	1	69.68	0	1	0	-1	1	82.84	0	1	0	-1	1	81.44	0	1	0	-1	CHORDC1	-1	TRUE	SE
CLGN;SE:chr4:141334241-141347858:141347941-141348691:-	0.0174383751541	0.48	30.28	0.0156046814044213	0.984395318595579	0.968790637191157	0.0181447145708	0.49	31.43	0.0153508771929825	0.984649122807018	0.969298245614035	0.0423513104263	1.26	31.29	0.0387096774193548	0.961290322580645	0.92258064516129	CLGN	0.9535565092	TRUE	SE
CLIP2;SE:chr7:73778645-73787262:73787366-73790217:+	0.127993681131	0.58	4.42	0.116	0.884	0.768	0.0720301935747	0.32	5.09	0.0591497227356747	0.940850277264325	0.881700554528651	0.074696703891	0.33	4.89	0.0632183908045977	0.936781609195402	0.873563218390805	CLIP2	0.841087924166667	TRUE	SE
CLSPN;SE:chr1:36217107-36219346:36219537-36225943:-	0.935806720857	6.12	0.69	0.898678414096916	0.101321585903084	-0.797356828193833	0.927271845162	7.08	0.89	0.888331242158093	0.111668757841907	-0.776662484316186	1	6.21	0.93	0.869747899159664	0.130252100840336	-0.739495798319328	CLSPN	-0.771171703433333	TRUE	SE
CMTM7;SE:chr3:32483505-32490946:32491044-32493884:+	0.950062095283	74.51	3.95	0.949655875605404	0.050344124394596	-0.899311751210808	0.915066494925	64.99	6.21	0.912780898876405	0.0872191011235955	-0.825561797752809	0.942868054031	76.24	4.87	0.939958081617556	0.0600419183824436	-0.879916163235113	CMTM7	-0.868263237266667	TRUE	SE
CNNM3;SE:chr2:97483239-97490795:97490938-97492570:+	0.956702827554	9.66	0.58	0.943359375	0.056640625	-0.88671875	0.980043987071	9.86	0.32	0.968565815324165	0.031434184675835	-0.93713163064833	0.929666876098	8.83	0.96	0.90194075587334	0.0980592441266599	-0.80388151174668	CNNM3	-0.875910630866667	TRUE	SE
COL8A1;SE:chr3:99357508-99394504:99394565-99463741:+	0.617209948125	11.66	15.47	0.429782528566163	0.570217471433837	0.140434942867674	0.52360262224	10.67	25.08	0.298461538461538	0.701538461538461	0.403076923076923	0.610777383173	12.52	18.6	0.402313624678663	0.597686375321337	0.195372750642674	COL8A1	0.246294872366667	TRUE	SE
COPS4;SE:chr4:83987706-83989591:83989675-83996450:+	0.995736223861	58.08	0.1	0.998281196287384	0.00171880371261602	-0.996562392574768	0.995052781476	57.06	0.31	0.994596478995991	0.00540352100400906	-0.989192957991982	0.995787392478	58.99	0	1	0	-1	COPS4	-0.995251783666667	TRUE	SE
CORO1A;SE:chr16:30195046-30195547:30195664-30196530:+	0	0	2.07	0	1	1	0	0	2.31	0	1	1	0	0	2.16	0	1	1	CORO1A	1	TRUE	SE
CPPED1;SE:chr16:12758972-12798481:12798906-12875042:-	0.965706250479	9.06	0.45	0.952681388012618	0.0473186119873817	-0.905362776025237	0.933736817272	8.66	0.67	0.928188638799571	0.0718113612004287	-0.856377277599143	0.971341079463	10.02	0.31	0.96999031945789	0.0300096805421104	-0.939980638915779	CPPED1	-0.9005735642	TRUE	SE
CRAT;SE:chr9:131870356-131871458:131871556-131872762:-	0.453909470921	3.29	8.02	0.290893015030946	0.709106984969054	0.418213969938108	0.0533348624473	0.43	12.16	0.034154090548054	0.965845909451946	0.931691818903892	0.294558492315	3.2	9.26	0.256821829855538	0.743178170144462	0.486356340288924	CRAT	0.6120873763	TRUE	SE
CTSS;SE:chr1:150724484-150727477:150727626-150730334:-	1	2.01	0	1	0	-1	1	1.96	0	1	0	-1	1	2.2	0	1	0	-1	CTSS	-1	TRUE	SE
CYP26B1;SE:chr2:72362548-72371118:72371342-72374760:-	0.977359328416	2.52	1.09	0.698060941828255	0.301939058171745	-0.39612188365651	0.865118684598	1.94	1.78	0.521505376344086	0.478494623655914	-0.043010752688172	0.791050431798	2.1	2.14	0.495283018867925	0.504716981132076	0.009433962264151	CYP26B1	-0.143232891566667	FALSE	SE
DAZAP1;SE:chr19:1432689-1433738:1433826-1434736:+	0.058815502442	8.23	118.02	0.0651881188118812	0.934811881188119	0.869623762376238	0.0433423222943	4.99	125.4	0.0382698059667152	0.961730194033285	0.923460388066569	0.0724071379774	6.61	115.96	0.0539283674634903	0.94607163253651	0.892143265073019	DAZAP1	0.895075805033333	TRUE	SE
DDX56;SE:chr7:44609727-44610357:44610476-44611091:-	1	60.91	0	1	0	-1	1	55.4	0	1	0	-1	1	54.04	0	1	0	-1	DDX56	-1	TRUE	SE
DEK;SE:chr6:18258293-18258535:18258636-18264074:-	0.99922393765	212.09	0.18	0.999152023366467	0.000847976633532765	-0.998304046732934	0.999429094704	267.98	0	1	0	-1	0.999446438299	259.56	0.16	0.999383951948252	0.000616048051748036	-0.998767903896504	DEK	-0.999023983666667	TRUE	SE
DENND2C;SE:chr1:115161103-115164516:115164686-115165608:-	1	0.45	0	1	0	-1	1	0.63	0	1	0	-1	0.578892489677	0.37	0.33	0.528571428571429	0.471428571428571	-0.0571428571428571	DENND2C	-0.685714285666667	TRUE	SE
DENND4C;SE:chr9:19316837-19324360:19324505-19325937:+	0.64290542695	2.15	1.17	0.647590361445783	0.352409638554217	-0.295180722891566	0.753097367757	4.36	0.82	0.841698841698842	0.158301158301158	-0.683397683397683	0.605955875477	3.32	1.24	0.728070175438597	0.271929824561404	-0.456140350877193	DENND4C	-0.4782395858	TRUE	SE
DERA;SE:chr12:16115881-16135242:16135370-16185476:+	0.957533279446	46.19	2.35	0.951586320560363	0.0484136794396374	-0.903172641120725	0.983180655477	51.51	1	0.980956008379356	0.0190439916206437	-0.961912016758713	0.987259175548	50.71	0.77	0.985042735042735	0.014957264957265	-0.97008547008547	DERA	-0.945056709266667	TRUE	SE
DHX33;SE:chr17:5365866-5366849:5367009-5371891:-	0.495628161671	7.11	10.94	0.393905817174515	0.606094182825485	0.212188365650969	0.638314039161	11.61	11.71	0.497855917667238	0.502144082332762	0.00428816466552323	0.577151208728	10.43	12.73	0.450345423143351	0.549654576856649	0.0993091537132988	DHX33	0.1052618949	FALSE	SE
DHX9;SE:chr1:182823313-182824712:182824848-182825667:+	0.00319576512986	0.48	177.4	0.0026984483921745	0.997301551607826	0.994603103215651	0.00857447983335	1.31	209.97	0.00620030291556229	0.993799697084438	0.987599394168875	0.00600376316402	1.05	203.25	0.00513950073421439	0.994860499265786	0.989720998531571	DHX9	0.9906411654	TRUE	SE
DLGAP5;SE:chr14:55615191-55615312:55615402-55617517:-	0.12745849151	11.66	80.78	0.126135871916919	0.873864128083081	0.747728256166162	0.132750111463	13.53	89.26	0.131627590232513	0.868372409767487	0.736744819534974	0.121260930006	12.3	85.87	0.12529285932566	0.87470714067434	0.749414281348681	DLGAP5	0.744629118833333	TRUE	SE
DLX1;SE:chr2:172950718-172951382:172951581-172952731:+	1	0.31	0	1	0	-1	1	0.32	0	1	0	-1	0	0	0.12	0	1	1	DLX1	-0.333333333333333	TRUE	SE
DNAAF2;SE:chr14:50092766-50094730:50094873-50100005:-	0.920341921339	13.74	1.54	0.899214659685864	0.100785340314136	-0.798429319371728	0.899823351572	14.47	1.77	0.891009852216749	0.108990147783251	-0.782019704433497	0.926915887551	15.39	1.2	0.927667269439421	0.0723327305605787	-0.855334538878843	DNAAF2	-0.811927854133333	TRUE	SE
DNAJC21;SE:chr5:34945908-34949648:34949782-34950275:+	0.150990566322	2.75	17.02	0.139099645928174	0.860900354071826	0.721800708143652	0.0970278733554	1.86	18.56	0.0910871694417238	0.908912830558276	0.817825661116552	0.108672266213	1.87	18.53	0.0916666666666667	0.908333333333333	0.816666666666667	DNAJC21	0.785431012033333	TRUE	SE
DPH3;SE:chr3:16302336-16305662:16305736-16306276:-	0.848489923382	20.26	4.35	0.823242584315319	0.176757415684681	-0.646485168630638	0.910801873872	22.03	2.77	0.888306451612903	0.111693548387097	-0.776612903225806	0.841290097019	20.58	4.61	0.816990869392616	0.183009130607384	-0.633981738785232	DPH3	-0.6856932704	TRUE	SE
DROSHA;SE:chr5:31515326-31515561:31515671-31521230:-	0.388274859479	12.66	21.81	0.36727589208007	0.63272410791993	0.265448215839861	0.498304432634	17.93	20.69	0.464267219057483	0.535732780942517	0.0714655618850337	0.489006823351	16.13	19.48	0.452962650940747	0.547037349059253	0.0940746981185061	DROSHA	0.1436628253	FALSE	SE
DSC2;SE:chr18:28648178-28648265:28648310-28648860:-	0	0	0.15	0	1	1	0	0	0.28	0	1	1	0.245098885157	0.05	0.16	0.238095238095238	0.761904761904762	0.523809523809524	DSC2	0.841269841333333	TRUE	SE
DSTN;SE:chr20:17550856-17572577:17572708-17581383:+	0.0248851908347	8.99	421.79	0.0208691211291146	0.979130878870885	0.958261757741771	0.0275198591435	10.21	436.84	0.0228386086567498	0.97716139134325	0.9543227826865	0.0272432027719	10.6	440.26	0.0235106241405314	0.976489375859468	0.952978751718937	DSTN	0.955187764233333	TRUE	SE
DTWD1;SE:chr15:49913319-49915868:49915995-49917310:+	0.139155018426	0.93	6.72	0.12156862745098	0.87843137254902	0.756862745098039	0.0387552950324	0.31	8.54	0.0350282485875706	0.964971751412429	0.929943502824859	0.0993392969059	0.57	8.27	0.0644796380090498	0.93552036199095	0.8710407239819	DTWD1	0.852615657266667	TRUE	SE
DYNC2H1;SE:chr11:103107268-103112256:103112276-103114422:+	0	0	0.59	0	1	1	0	0	0.74	0	1	1	0	0	0.46	0	1	1	DYNC2H1	1	TRUE	SE
DYRK3;SE:chr1:206809125-206810220:206810313-206810995:+	0.109251391533	1.81	19.55	0.0847378277153558	0.915262172284644	0.830524344569288	0.0786362453426	1.49	21.4	0.0650939274792486	0.934906072520752	0.869812145041503	0.0736943149467	1.64	20.08	0.0755064456721915	0.924493554327808	0.848987108655617	DYRK3	0.849774533	TRUE	SE
EFNA1;SE:chr1:155104110-155105979:155106044-155106206:+	1	2.26	0	1	0	-1	0.262195259892	2.59	0.54	0.827476038338658	0.172523961661342	-0.654952076677316	0.389060934364	2.9	0	1	0	-1	EFNA1	-0.884984025566667	TRUE	SE
EML1;SE:chr14:100331983-100341268:100341324-100344822:+	0	0	3.89	0	1	1	0	0	5.8	0	1	1	0	0	5.16	0	1	1	EML1	1	TRUE	SE
EML4;SE:chr2:42483770-42488261:42488434-42490318:+	1	26.43	0	1	0	-1	0.99320524644	32.26	0.35	0.989267095982827	0.0107329040171726	-0.978534191965655	1	30.58	0	1	0	-1	EML4	-0.992844730666667	TRUE	SE
EPSTI1;SE:chr13:43462638-43463347:43463378-43469145:-	0.360534940543	0.62	1.22	0.33695652173913	0.66304347826087	0.326086956521739	0.0783520377124	0.08	1.07	0.0695652173913043	0.930434782608696	0.860869565217391	0.0706509948768	0.1	1.44	0.0649350649350649	0.935064935064935	0.87012987012987	EPSTI1	0.685695464066667	TRUE	SE
ERGIC3;SE:chr20:34136618-34142143:34142157-34142815:+	0.000247757551764	0.25	282.32	0.000884736525462717	0.999115263474537	0.998230526949075	0.00184138093966	0.49	258.85	0.00188941158324979	0.99811058841675	0.9962211768335	0.00163061000872	0.41	259.17	0.00157947453578858	0.998420525464211	0.996841050928423	ERGIC3	0.997097584933333	TRUE	SE
EXOSC9;SE:chr4:122735202-122737299:122737349-122737524:+	0.492011090525	28.07	28.47	0.496462681287584	0.503537318712416	0.007074637424832	0.493492493852	28.73	31.26	0.478913152192032	0.521086847807968	0.042173695615936	0.531034311863	28.86	27.07	0.516002145539067	0.483997854460933	-0.0320042910781334	EXOSC9	0.00574801386666667	FALSE	SE
FAM204A;SE:chr10:120095935-120101239:120101439-120101782:-	0.527931580648	17.26	15.46	0.527506112469438	0.472493887530562	-0.0550122249388753	0.564986047934	18.48	15.58	0.542571931884909	0.457428068115091	-0.0851438637698179	0.5073182325	17.49	17.41	0.501146131805158	0.498853868194842	-0.00229226361031509	FAM204A	-0.0474827842666667	FALSE	SE
FAM210A;SE:chr18:13682104-13687742:13687881-13726328:-	0.13263369521	1.56	12.2	0.113372093023256	0.886627906976744	0.773255813953488	0.181932394063	2.38	12.61	0.158772515010007	0.841227484989993	0.682454969979987	0.11491816402	1.33	13.17	0.0917241379310345	0.908275862068965	0.816551724137931	FAM210A	0.757420836	TRUE	SE
FAM21A;SE:chr10:51885939-51886920:51886982-51887343:+	0.983917893211	22.57	0.11	0.995149911816579	0.00485008818342152	-0.990299823633157	0.983715625279	23.58	0.34	0.985785953177257	0.0142140468227425	-0.971571906354515	1	21.79	0	1	0	-1	FAM21A	-0.9872905768	TRUE	SE
FANCI;SE:chr15:89837228-89838146:89838325-89843031:+	0.989535660147	34.46	0.59	0.983166904422254	0.0168330955777461	-0.966333808844508	0.973175827808	36.24	1.81	0.952431011826544	0.047568988173456	-0.904862023653088	0.951215767345	33.58	2.05	0.942464215548695	0.0575357844513051	-0.88492843109739	FANCI	-0.9187080879	TRUE	SE
FBXL20;SE:chr17:37439108-37441731:37441826-37453380:-	0.999999966455	0.22	0.39	0.360655737704918	0.639344262295082	0.278688524590164	1	0.95	0	1	0	-1	1	0.84	0	1	0	-1	FBXL20	-0.573770491666667	TRUE	SE
FBXO16;SE:chr8:28321335-28331289:28331324-28340865:-	1	1.02	0	1	0	-1	1	1.81	0	1	0	-1	1	1.03	0	1	0	-1	FBXO16	-1	TRUE	SE
FBXO38;SE:chr5:147805264-147806776:147807285-147812987:+	0.545546811522	5.77	6.17	0.483249581239531	0.516750418760469	0.033500837520938	0.599045456005	6.74	5.6	0.546191247974068	0.453808752025932	-0.0923824959481362	0.572488424815	6.39	6.22	0.506740681998414	0.493259318001586	-0.0134813639968279	FBXO38	-0.0241210073	FALSE	SE
FCHO2;SE:chr5:72302376-72311453:72311551-72313039:+	1	11.6	0	1	0	-1	0.965275368763	15.44	0.74	0.954264524103832	0.0457354758961681	-0.908529048207664	1	15.56	0	1	0	-1	FCHO2	-0.969509682733333	TRUE	SE
FEZ2;SE:chr2:36785656-36787928:36788008-36805740:-	0.024919755	1.02	55.31	0.0181075803301971	0.981892419669803	0.963784839339606	0.00572311888228	0.32	59.42	0.00535654502845665	0.994643454971543	0.989286909943087	0.0224520985545	0.86	59.5	0.0142478462557985	0.985752153744201	0.971504307488403	FEZ2	0.9748586853	TRUE	SE
FHL3;SE:chr1:38464820-38464929:38465104-38471029:-	1	10.18	0	1	0	-1	1	11.3	0	1	0	-1	1	10.55	0	1	0	-1	FHL3	-1	TRUE	SE
FMNL3;SE:chr12:50050973-50052225:50052377-50055749:-	0.722513952193	4.22	2.25	0.652241112828439	0.347758887171561	-0.304482225656878	0.607042518549	3.69	2.73	0.574766355140187	0.425233644859813	-0.149532710280374	0.604301135847	3.49	3.06	0.532824427480916	0.467175572519084	-0.065648854961832	FMNL3	-0.173221263766667	FALSE	SE
FN3KRP;SE:chr17:80674772-80676320:80676447-80676782:+	0	0	29.24	0	1	1	0	0	31.79	0	1	1	0.007880081807	0	31.36	0	1	1	FN3KRP	1	TRUE	SE
FNTA;SE:chr8:42911689-42914235:42914320-42919244:+	0.911942175699	39.55	3.77	0.912973222530009	0.0870267774699908	-0.825946445060018	0.934572850984	43.17	3.09	0.933203631647211	0.0667963683527886	-0.866407263294423	0.943133878472	48.23	3.16	0.938509437633781	0.0614905623662191	-0.877018875267562	FNTA	-0.856457527766667	TRUE	SE
FZD3;SE:chr8:28351860-28357450:28357495-28360187:+	1	0.39	0	1	0	-1	0.871303756994	0.46	0	1	0	-1	0.00025876516579	0.24	0.23	0.51063829787234	0.48936170212766	-0.0212765957446808	FZD3	-0.673758865333333	TRUE	SE
GAB1;SE:chr4:144361535-144378833:144378922-144380538:+	0.192809368565	0.24	1.13	0.175182481751825	0.824817518248175	0.64963503649635	0.522312777504	1.09	1.11	0.495454545454545	0.504545454545455	0.00909090909090909	0.497860232292	0.77	1.07	0.418478260869565	0.581521739130435	0.16304347826087	GAB1	0.273923141033333	TRUE	SE
GBAS;SE:chr7:56045958-56046043:56046088-56049166:+	0.913017953897	16.13	1.75	0.902125279642058	0.0978747203579418	-0.804250559284116	0.905989128092	16.85	1.94	0.896753592336349	0.103246407663651	-0.793507184672698	0.897389845023	16.65	2.01	0.892282958199357	0.107717041800643	-0.784565916398714	GBAS	-0.794107886566667	TRUE	SE
GCLC;SE:chr6:53379295-53380907:53381020-53385576:-	1	10.55	0	1	0	-1	1	13.12	0	1	0	-1	1	13.12	0	1	0	-1	GCLC	-1	TRUE	SE
GDI2;SE:chr10:5828013-5836848:5836982-5838726:-	0.971942982488	331.9	25.72	0.928080085006431	0.0719199149935686	-0.856160170012863	0.970581932592	347.92	27.17	0.927564051294356	0.072435948705644	-0.855128102588712	0.960981076747	332.93	32.44	0.911213290636889	0.0887867093631114	-0.822426581273777	GDI2	-0.844571617866667	TRUE	SE
GK5;SE:chr3:141901891-141903553:141904635-141904771:-	0.072783590623	0.05	0.84	0.0561797752808989	0.943820224719101	0.887640449438202	0	0	1.44	0	1	1	0	0	1.31	0	1	1	GK5	0.962546816333333	TRUE	SE
GOLGA4;SE:chr3:37292975-37315027:37315092-37323449:+	0.31089405003	3.2	6.58	0.32719836400818	0.67280163599182	0.34560327198364	0.31184417105	4.06	10.39	0.280968858131488	0.719031141868512	0.438062283737024	0.32784593537	3.69	7.87	0.319204152249135	0.680795847750865	0.36159169550173	GOLGA4	0.381752417233333	TRUE	SE
GOPC;SE:chr6:117896515-117898611:117898634-117900063:-	0.0529850354449	0.89	16.76	0.0504249291784703	0.94957507082153	0.899150141643059	0.0632413530402	1.52	23.19	0.0615135572642655	0.938486442735735	0.876972885471469	0.0588749168134	0.65	20.92	0.0301344459898007	0.969865554010199	0.939731108020399	GOPC	0.905284711833333	TRUE	SE
GPHN;SE:chr14:67389655-67390911:67391009-67431908:+	1	16.52	0	1	0	-1	1	18.41	0	1	0	-1	1	18.3	0	1	0	-1	GPHN	-1	TRUE	SE
GSK3B;SE:chr3:119582452-119585437:119585475-119595260:-	0.0473220931107	0.63	13.74	0.0438413361169102	0.95615866388309	0.912317327766179	0.0258455866173	0.48	19.49	0.0240360540811217	0.975963945918878	0.951927891837757	0.0673882773513	1.27	18.4	0.0645653279105236	0.935434672089476	0.870869344178953	GSK3B	0.9117048546	TRUE	SE
GSTM1;SE:chr1:110232988-110233076:110233186-110235828:+	0.955020405395	11.57	0.78	0.936842105263158	0.0631578947368421	-0.873684210526316	1	8.5	0	1	0	-1	1	11.67	0	1	0	-1	GSTM1	-0.957894737	TRUE	SE
GXYLT1;SE:chr12:42512973-42523561:42523653-42538228:-	0.424848031595	3.37	6.17	0.353249475890985	0.646750524109015	0.293501048218029	0.47309268325	4.15	8.04	0.340442986054143	0.659557013945857	0.319114027891714	0.119981038797	1.35	9.95	0.119469026548673	0.880530973451327	0.761061946902655	GXYLT1	0.457892340966667	TRUE	SE
HCLS1;SE:chr3:121355336-121355993:121356103-121361774:-	1	1.45	0	1	0	-1	1	1.13	0	1	0	-1	1	1.64	0	1	0	-1	HCLS1	-1	TRUE	SE
HDAC10;SE:chr22:50687180-50687260:50687319-50687532:-	0.752925406313	5.96	1.38	0.811989100817439	0.188010899182561	-0.623978201634877	1	6.14	0	1	0	-1	0.757770209763	5.77	0.75	0.884969325153374	0.115030674846626	-0.769938650306748	HDAC10	-0.797972284	TRUE	SE
HMGXB4;SE:chr22:35659867-35659975:35660089-35660641:+	0.359711378757	3.51	8.22	0.29923273657289	0.70076726342711	0.40153452685422	0.39986040746	5.5	9.52	0.366178428761651	0.633821571238349	0.267643142476698	0.322626993079	4.13	10.85	0.275700934579439	0.724299065420561	0.448598130841121	HMGXB4	0.3725919335	TRUE	SE
HNRNPA1L2;SE:chr13:53201713-53203354:53203494-53206557:+	0.339394299405	1.35	4.2	0.243243243243243	0.756756756756757	0.513513513513513	0.0427156361004	0.87	4.8	0.153439153439153	0.846560846560847	0.693121693121693	0.261789418544	1.07	4.24	0.2015065913371	0.7984934086629	0.5969868173258	HNRNPA1L2	0.601207341366667	TRUE	SE
HYAL2;SE:chr3:50357966-50358797:50359204-50360084:-	0.280347420203	6.82	26.84	0.202614379084967	0.797385620915033	0.594771241830065	0.384139790225	8.8	24.71	0.262608176663682	0.737391823336317	0.474783646672635	0.279512450296	6.51	26.77	0.195612980769231	0.804387019230769	0.608774038461538	HYAL2	0.559442975566667	TRUE	SE
IFI16;SE:chr1:158985777-158986323:158986490-158988019:+	0.727906539895	51.32	23.02	0.690341673392521	0.309658326607479	-0.380683346785042	0.749532453333	60.1	24.35	0.71166370633511	0.28833629366489	-0.423327412670219	0.741445139068	56.08	23.83	0.701789513202353	0.298210486797647	-0.403579026404705	IFI16	-0.402529928566667	TRUE	SE
IL17RA;SE:chr22:17586492-17586743:17586844-17588617:+	0.827804802454	5.31	1.15	0.821981424148607	0.178018575851393	-0.643962848297214	0.763119893549	5.24	1.48	0.779761904761905	0.220238095238095	-0.55952380952381	0.826364030087	5.55	1.15	0.828358208955224	0.171641791044776	-0.656716417910448	IL17RA	-0.620067691833333	TRUE	SE
INO80;SE:chr15:41297885-41308286:41308413-41313098:-	1	11.62	0	1	0	-1	1	12.14	0.02	0.998355263157895	0.00164473684210526	-0.996710526315789	1	11.62	0	1	0	-1	INO80	-0.998903508766667	TRUE	SE
IVD;SE:chr15:40698172-40699837:40699926-40700138:+	0.988483210323	18.19	0.24	0.986977753662507	0.0130222463374932	-0.973955507325014	1	18.89	0	1	0	-1	0.95617082388	18.07	0.8	0.957604663487016	0.0423953365129836	-0.915209326974033	IVD	-0.963054944666667	TRUE	SE
KLHDC3;SE:chr6:42985433-42985591:42985706-42985883:+	1	123.26	0	1	0	-1	1	123.15	0	1	0	-1	1	116.28	0	1	0	-1	KLHDC3	-1	TRUE	SE
L3MBTL3;SE:chr6:130370538-130370901:130370975-130372394:+	0.477450773316	1.6	2.07	0.435967302452316	0.564032697547684	0.128065395095368	0.650689706786	2.38	1.93	0.552204176334107	0.447795823665893	-0.104408352668213	0.342276353215	1.35	2.77	0.327669902912621	0.672330097087379	0.344660194174757	L3MBTL3	0.1227724121	FALSE	SE
LAMA2;SE:chr6:129794497-129796535:129796546-129799838:+	0.0399835986297	0	0.12	0	1	1	0.0409528814084	0	0.17	0	1	1	0.0443612623266	0	0.18	0	1	1	LAMA2	1	TRUE	SE
LAMTOR2;SE:chr1:156025216-156027769:156027858-156028106:+	0.934799510017	81.25	7.69	0.913537216100742	0.0864627838992579	-0.827074432201484	0.908218229085	66.64	11.39	0.854030501089325	0.145969498910675	-0.708061002178649	0.969068240445	76.11	3.48	0.956275914059555	0.0437240859404448	-0.91255182811911	LAMTOR2	-0.815895754066667	TRUE	SE
LINC01138;SE:chr1:143719955-143721045:143721165-143744201:-	0.22442008482	0.39	1.41	0.216666666666667	0.783333333333333	0.566666666666667	0.263595536233	0.75	2.15	0.258620689655172	0.741379310344828	0.482758620689655	0.364614984962	0.72	1.79	0.286852589641434	0.713147410358566	0.426294820717131	LINC01138	0.4919067029	TRUE	SE
LINC01234;SE:chr12:114184400-114204880:114205013-114211420:-	0.984139400066	12.03	0.25	0.979641693811075	0.0203583061889251	-0.95928338762215	0.928832947238	12.34	1.36	0.900729927007299	0.0992700729927007	-0.801459854014599	0.981589817841	12.29	0.35	0.972310126582279	0.0276898734177215	-0.944620253164557	LINC01234	-0.901787831666667	TRUE	SE
LOC100506603;SE:chr14:77249119-77250036:77250194-77252428:-	0.344799688022	0.49	1.22	0.286549707602339	0.713450292397661	0.426900584795322	0.469315841997	0.63	1.02	0.381818181818182	0.618181818181818	0.236363636363636	0.61737596817	0.82	0.73	0.529032258064516	0.470967741935484	-0.0580645161290322	LOC100506603	0.201733235133333	TRUE	SE
LOC257396;SE:chr5:52405978-52408070:52408864-52409689:+	1	11.32	0	1	0	-1	1	11.77	0.19	0.984113712374582	0.0158862876254181	-0.968227424749164	1	10.66	0	1	0	-1	LOC257396	-0.989409141566667	TRUE	SE
LPAR1;SE:chr9:113734500-113735761:113735838-113800121:-	0.977960690492	63.91	2.92	0.956307047733054	0.043692952266946	-0.912614095466108	0.990953889521	81.75	1.59	0.980921526277898	0.0190784737221022	-0.961843052555795	0.9923401388	84.35	1.34	0.984362235966857	0.0156377640331427	-0.968724471933714	LPAR1	-0.947727206533333	TRUE	SE
LRIF1;SE:chr1:111492745-111493910:111495437-111506243:-	0.454095395003	7.88	15.67	0.334607218683652	0.665392781316348	0.330785562632696	0.489605313785	8.78	15.26	0.36522462562396	0.63477537437604	0.26955074875208	0.479736178844	9.26	15.81	0.369365775827682	0.630634224172318	0.261268448344635	LRIF1	0.2872015866	TRUE	SE
LRP12;SE:chr8:105521302-105544135:105544191-105601047:-	0.714952686767	19.75	10.86	0.645213982358706	0.354786017641294	-0.290427964717413	0.602634973282	20.73	16.32	0.559514170040486	0.440485829959514	-0.119028340080972	0.63985491384	21.81	15.09	0.591056910569106	0.408943089430894	-0.182113821138211	LRP12	-0.197190042033333	FALSE	SE
LRP5;SE:chr11:68154180-68157349:68157520-68170951:+	1	29.87	0	1	0	-1	1	31.18	0	1	0	-1	0.996850508765	31.77	0.1	0.996862252902416	0.00313774709758393	-0.993724505804832	LRP5	-0.997908168666667	TRUE	SE
LRRC15;SE:chr3:194081775-194084085:194084141-194090390:-	0	0	0.38	0	1	1	0	0	0.34	0	1	1	1	0.33	0	1	0	-1	LRRC15	0.333333333333333	TRUE	SE
LUZP1;SE:chr1:23435620-23436078:23436143-23495259:-	0.534576996198	5.55	6.9	0.44578313253012	0.55421686746988	0.108433734939759	0.461799738586	7.61	9.56	0.443214909726267	0.556785090273733	0.113570180547467	0.385899312947	5.79	8.96	0.392542372881356	0.607457627118644	0.214915254237288	LUZP1	0.145639723166667	FALSE	SE
MALT1;SE:chr18:56377304-56378153:56378185-56381315:+	0.917023799424	5.07	0.48	0.913513513513513	0.0864864864864865	-0.827027027027027	0.953725014335	6.37	0.36	0.946508172362556	0.0534918276374443	-0.893016344725111	0.940227519714	5.44	0.48	0.918918918918919	0.0810810810810811	-0.837837837837838	MALT1	-0.8526270699	TRUE	SE
MANBAL;SE:chr20:35918089-35927166:35927282-35929611:+	0.585841488051	75.76	74.59	0.503890921183904	0.496109078816096	-0.00778184236780849	0.585963546818	70.41	66.03	0.516051011433597	0.483948988566403	-0.0321020228671944	0.636082617133	79.07	62.96	0.556713370414701	0.443286629585299	-0.113426740829402	MANBAL	-0.0511035353	FALSE	SE
MAOA;SE:chrX:43515662-43517110:43517217-43542761:+	0	0	11.14	0	1	1	0.0416732855087	0.42	11.62	0.0348837209302326	0.965116279069767	0.930232558139535	0.0437587122757	0.5	11	0.0434782608695652	0.956521739130435	0.91304347826087	MAOA	0.9477586787	TRUE	SE
MAP3K3;SE:chr17:61710162-61712069:61712161-61723394:+	0.422994525819	6.81	10.32	0.397548161120841	0.602451838879159	0.204903677758319	0.400823297634	7.14	11.28	0.387622149837134	0.612377850162866	0.224755700325733	0.414883601447	7.13	11.24	0.388132825258574	0.611867174741426	0.223734349482853	MAP3K3	0.2177979091	TRUE	SE
MARK4;SE:chr19:45801212-45801401:45801480-45803069:+	0	0	3.77	0	1	1	0	0	3.99	0	1	1	0	0	4.64	0	1	1	MARK4	1	TRUE	SE
MCOLN3;SE:chr1:85499934-85506693:85506860-85510816:-	1	0.66	0	1	0	-1	1	0.59	0	1	0	-1	1	0.42	0	1	0	-1	MCOLN3	-1	TRUE	SE
MED30;SE:chr8:118541048-118542962:118543066-118552122:+	1	21.94	0	1	0	-1	0.985055304589	22.36	0.37	0.983721953365596	0.0162780466344039	-0.967443906731192	0.980803976768	18	0.38	0.979325353645267	0.0206746463547334	-0.958650707290533	MED30	-0.975364871233333	TRUE	SE
METTL1;SE:chr12:58163461-58163555:58163739-58164877:-	0.926088902632	24.56	2.61	0.903938167096062	0.0960618329039382	-0.807876334192124	0.957267593434	25.49	1.53	0.943375277572169	0.0566247224278312	-0.886750555144338	0.988442512615	27.73	0.81	0.971618780658725	0.0283812193412754	-0.943237561317449	METTL1	-0.879288150033333	TRUE	SE
MFN2;SE:chr1:12040541-12042027:12042171-12049222:+	0.843940170815	46.55	12.46	0.788849347568209	0.211150652431791	-0.577698695136418	0.83566231382	52.46	15.04	0.777185185185185	0.222814814814815	-0.55437037037037	0.8787457091	52.5	12.46	0.808189655172414	0.191810344827586	-0.616379310344828	MFN2	-0.582816125133333	TRUE	SE
MKI67;SE:chr10:129911866-129913192:129914271-129914755:-	0.0856065558411	0.58	8.39	0.064659977703456	0.935340022296544	0.870680044593088	0.0917854821042	0.7	10.81	0.0608166811468288	0.939183318853171	0.878366637706342	0.105216170903	0.59	7.23	0.0754475703324808	0.924552429667519	0.849104859335038	MKI67	0.8660505139	TRUE	SE
MKRN2;SE:chr3:12598675-12610374:12610502-12611570:+	0.965163935252	42.33	1.85	0.958125848800362	0.0418741511996378	-0.916251697600724	0.98526206347	43.97	0.8	0.9821308912218	0.0178691087781997	-0.964261782443601	0.976380328563	42.82	1.35	0.969436268960833	0.0305637310391669	-0.938872537921666	MKRN2	-0.939795339466667	TRUE	SE
MNAT1;SE:chr14:61278845-61285440:61285565-61346432:+	0.991754843888	80.01	0.74	0.990835913312694	0.0091640866873065	-0.981671826625387	1	81.65	0	1	0	-1	0.991525835519	83.07	0.91	0.989164086687306	0.0108359133126935	-0.978328173374613	MNAT1	-0.986666666666667	TRUE	SE
MON1A;SE:chr3:49948317-49948959:49949444-49950653:-	0.909428173388	27.82	5.61	0.8321866586898	0.1678133413102	-0.664373317379599	0.91564126627	27.79	3.96	0.875275590551181	0.124724409448819	-0.750551181102362	0.861781286557	26.92	8.16	0.767388825541619	0.232611174458381	-0.534777651083238	MON1A	-0.649900716366667	TRUE	SE
MRPL45;SE:chr17:36474634-36476502:36476651-36478009:+	0.972166459763	123.43	6.95	0.946694278263537	0.0533057217364626	-0.893388556527075	0.968729308088	120.29	7.94	0.938080012477579	0.0619199875224206	-0.876160024955159	0.974915495991	120	5.61	0.955337950800096	0.0446620491999045	-0.910675901600191	MRPL45	-0.893408161333333	TRUE	SE
MTERF3;SE:chr8:97251913-97252022:97252083-97256147:-	0	0	16.52	0	1	1	0	0	17.99	0	1	1	0	0	18.82	0	1	1	MTERF3	1	TRUE	SE
MTFP1;SE:chr22:30822832-30823158:30823390-30824449:+	0.932060399594	46.29	5.85	0.887802071346375	0.112197928653625	-0.77560414269275	0.908186469893	39.32	6.87	0.851266507902143	0.148733492097857	-0.702533015804287	0.929900086877	41.58	5.44	0.884304551254785	0.115695448745215	-0.76860910250957	MTFP1	-0.7489154206	TRUE	SE
MTHFD2;SE:chr2:74425869-74428509:74428606-74432832:+	0.102311520391	1.37	48.33	0.0275653923541248	0.972434607645875	0.944869215291751	0.089791459463	1.36	54.17	0.0244912659823519	0.975508734017648	0.951017468035296	0.0706441707643	1.78	56.49	0.0305474515187918	0.969452548481208	0.938905096962416	MTHFD2	0.944930593333333	TRUE	SE
MUM1;SE:chr19:1358463-1358587:1358699-1360135:+	0.327676979439	4	9.26	0.301659125188537	0.698340874811463	0.396681749622926	0.149754581748	1.78	11.78	0.131268436578171	0.868731563421829	0.737463126843658	0.37588057923	4.63	9.08	0.337709700948213	0.662290299051787	0.324580598103574	MUM1	0.486241824933333	TRUE	SE
MYBL2;SE:chr20:42302539-42310424:42310495-42311434:+	0.85483885051	93.79	18.68	0.833911265226283	0.166088734773717	-0.667822530452565	0.864534492135	87.59	16.12	0.844566579886221	0.155433420113779	-0.689133159772442	0.857977532536	91.14	18.13	0.834080717488789	0.165919282511211	-0.668161434977579	MYBL2	-0.6750390416	TRUE	SE
MYL6;SE:chr12:56554104-56554410:56554454-56555171:+	0.346960953593	583.8	1151.81	0.3363658886501	0.6636341113499	0.3272682226998	0.351800864909	583.18	1094.2	0.347673156947144	0.652326843052856	0.304653686105713	0.357866536344	552.17	1062.57	0.341955980529373	0.658044019470627	0.316088038941254	MYL6	0.316003316033333	TRUE	SE
NBAS;SE:chr2:15330527-15358897:15359092-15372546:-	1	6.89	0	1	0	-1	1	7.33	0	1	0	-1	1	6.23	0	1	0	-1	NBAS	-1	TRUE	SE
NCKAP1;SE:chr2:183888644-183889706:183889723-183902720:-	0	0	67.68	0	1	1	0	0	89.85	0	1	1	0.00550957669878	0.43	83.95	0.00509599431144821	0.994904005688552	0.989808011377104	NCKAP1	0.996602670333333	TRUE	SE
NDEL1;SE:chr17:8363478-8366638:8366672-8370248:+	0.413896877897	21.02	32.55	0.392383796901251	0.607616203098749	0.215232406197499	0.473128190931	25.26	30.36	0.454153182308522	0.545846817691478	0.0916936353829557	0.477289542845	25.2	29.17	0.463490895714548	0.536509104285452	0.0730182085709031	NDEL1	0.126648083466667	FALSE	SE
NDUFAF7;SE:chr2:37459409-37463239:37463319-37464900:+	0.817830598975	4.02	1.37	0.74582560296846	0.25417439703154	-0.49165120593692	0.881743495584	4.24	0.7	0.8582995951417	0.1417004048583	-0.716599190283401	0.926765516606	5.62	0.54	0.912337662337662	0.0876623376623377	-0.824675324675325	NDUFAF7	-0.6776419071	TRUE	SE
NDUFV3;SE:chr21:44317157-44323292:44324386-44328974:+	0.348010946061	15.49	34.79	0.308074781225139	0.691925218774861	0.383850437549722	0.414927477559	15.78	27.03	0.368605466012614	0.631394533987386	0.262789067974772	0.413896789575	16.98	28.96	0.369612538093165	0.630387461906835	0.26077492381367	NDUFV3	0.302471476666667	TRUE	SE
NEK4;SE:chr3:52800391-52802354:52802620-52804670:-	1	16.3	2.45	0.869333333333333	0.130666666666667	-0.738666666666667	1	15.08	4.93	0.753623188405797	0.246376811594203	-0.507246376811594	0.999996864518	14.35	4.83	0.748175182481752	0.251824817518248	-0.496350364963504	NEK4	-0.5807544696	TRUE	SE
NHP2;SE:chr5:177576839-177577889:177577994-177580492:-	0.983205601808	332.02	5.96	0.982365820462749	0.0176341795372507	-0.964731640925499	0.973646695205	303.44	8.53	0.972657627335962	0.0273423726640382	-0.945315254671924	0.985301102774	317.46	5.56	0.98278744350195	0.0172125564980497	-0.965574887003901	NHP2	-0.958540594233333	TRUE	SE
NIP7;SE:chr16:69374235-69375083:69375223-69375436:+	0.975095450886	76.77	3.67	0.954375932371954	0.0456240676280458	-0.908751864743909	0.964249234521	85.46	5.78	0.936650591845682	0.0633494081543183	-0.873301183691363	0.962212010974	77.92	6.34	0.924756705435557	0.0752432945644434	-0.849513410871113	NIP7	-0.8771888199	TRUE	SE
NR3C2;SE:chr4:149073764-149075702:149076052-149115897:-	1	1.41	0	1	0	-1	1	2.02	0	1	0	-1	1	1.22	0.07	0.945736434108527	0.0542635658914729	-0.891472868217054	NR3C2	-0.963824289333333	TRUE	SE
NT5E;SE:chr6:86199317-86200226:86200375-86201695:+	0.86184120761	137.79	33.07	0.806449724920988	0.193550275079012	-0.612899449841976	0.857736119651	154.69	38.01	0.80275038920602	0.19724961079398	-0.605500778412039	0.874718477482	151.03	32.99	0.820726008042604	0.179273991957396	-0.641452016085208	NT5E	-0.619950748133333	TRUE	SE
PAK1;SE:chr11:77034405-77036373:77036421-77043775:-	0.0432422227475	3.39	19.99	0.144995722840034	0.855004277159966	0.710008554319931	0.143535028094	2.79	20.03	0.122261174408414	0.877738825591586	0.755477651183173	0.12624765479	3.08	23.27	0.116888045540797	0.883111954459203	0.766223908918406	PAK1	0.7439033714	TRUE	SE
PALM;SE:chr19:736078-740352:740483-746285:+	0	0	0.79	0	1	1	0.830909463553	0.54	0.32	0.627906976744186	0.372093023255814	-0.255813953488372	1	0.51	0	1	0	-1	PALM	-0.0852713178333333	FALSE	SE
PDE10A;SE:chr6:165957056-165989900:165990027-166075435:-	0.0845586903862	0.41	3.78	0.0978520286396181	0.902147971360382	0.804295942720764	0.0454494817447	0.21	4.78	0.0420841683366733	0.957915831663327	0.915831663326653	0	0	4.59	0	1	1	PDE10A	0.9067092021	TRUE	SE
PDLIM4;SE:chr5:131607159-131607484:131607601-131607718:+	0.755949545402	4.33	1.46	0.747841105354059	0.252158894645941	-0.495682210708117	1	7.96	0	1	0	-1	1	6.11	0	1	0	-1	PDLIM4	-0.831894070333333	TRUE	SE
PET100;SE:chr19:7695732-7696118:7696207-7696359:+	0.00544693053267	1.33	309.43	0.00427983009396319	0.995720169906037	0.991440339812074	0.0122055202401	3.32	342.57	0.00959842724565613	0.990401572754344	0.980803145508688	0.0207951776356	4.45	295.63	0.0148293788323114	0.985170621167689	0.970341242335377	PET100	0.980861575833333	TRUE	SE
PGRMC1;SE:chrX:118370654-118374272:118374427-118377114:+	0.991614641942	107.78	1.05	0.990351925020674	0.00964807497932555	-0.980703850041349	0.995996784639	116.46	0.52	0.995554795691571	0.00444520430842879	-0.991109591383142	0.995747457986	116.11	0.37	0.996823489010989	0.00317651098901099	-0.993646978021978	PGRMC1	-0.988486806466667	TRUE	SE
PHEX;SE:chrX:22245728-22263450:22263526-22265968:+	1	0.18	0	1	0	-1	1	0.25	0	1	0	-1	1	0.25	0	1	0	-1	PHEX	-1	TRUE	SE
PID1;SE:chr2:230020680-230127399:230127609-230135730:-	0.0514825079665	1.06	26.9	0.0379113018597997	0.9620886981402	0.924177396280401	0.0795830093606	1.48	27.63	0.0508416351769152	0.949158364823085	0.89831672964617	0.0662838447155	1.64	30.27	0.0513945471638985	0.948605452836102	0.897210905672203	PID1	0.906568343866667	TRUE	SE
PIGN;SE:chr18:59828618-59829486:59829562-59830764:-	0.902917010476	3.05	0	1	0	-1	0.700886096928	3.6	0	1	0	-1	0.548992201977	2.03	1.93	0.512626262626263	0.487373737373737	-0.0252525252525252	PIGN	-0.675084175	TRUE	SE
PIGX;SE:chr3:196455007-196455573:196455626-196457863:+	0.207411163951	2.77	11.05	0.200434153400868	0.799565846599132	0.599131693198263	0.170907038126	2.19	12.6	0.148073022312373	0.851926977687627	0.703853955375254	0.308909587274	4.31	11.5	0.272612270714737	0.727387729285263	0.454775458570525	PIGX	0.585920369133333	TRUE	SE
PIK3CB;SE:chr3:138417937-138423285:138423335-138426001:-	0.991457298454	14.1	0.22	0.98463687150838	0.0153631284916201	-0.96927374301676	0.984911929357	17.37	0.37	0.979143179255919	0.0208568207440812	-0.958286358511838	0.969727722965	15.77	0.76	0.954022988505747	0.0459770114942529	-0.908045977011494	PIK3CB	-0.945202026166667	TRUE	SE
PLBD2;SE:chr12:113822070-113822656:113822751-113823017:+	0.896143140586	20.45	4.03	0.835375816993464	0.164624183006536	-0.670751633986928	0.792268593123	22.52	8.04	0.736910994764398	0.263089005235602	-0.473821989528796	0.959831140341	26.94	1.27	0.9549805033676	0.0450194966323999	-0.9099610067352	PLBD2	-0.684844876833333	TRUE	SE
PLXDC2;SE:chr10:20290915-20335798:20335944-20357099:+	1	0.17	0	1	0	-1	1	0.16	0	1	0	-1	1	0.23	0	1	0	-1	PLXDC2	-1	TRUE	SE
POT1-AS1;SE:chr7:124580439-124640736:124641066-124660387:+	0	0	0.19	0	1	1	0	0	0.11	0	1	1	0	0	0.18	0	1	1	POT1-AS1	1	TRUE	SE
PPP5C;SE:chr19:46879831-46886668:46886733-46887037:+	1	70.98	0.31	0.995651564034226	0.0043484359657736	-0.991303128068453	0.993288631579	72.66	0.58	0.99208083014746	0.0079191698525396	-0.984161660294921	1	72.71	0	1	0	-1	PPP5C	-0.9918215961	TRUE	SE
PRKCQ-AS1;SE:chr10:6622889-6624100:6624163-6625638:+	0.593807367138	0.84	0.69	0.549019607843137	0.450980392156863	-0.0980392156862746	0.237604057271	0.95	0.76	0.555555555555556	0.444444444444444	-0.111111111111111	0.541310529899	1.26	1.1	0.533898305084746	0.466101694915254	-0.0677966101694915	PRKCQ-AS1	-0.0923156457	FALSE	SE
PRPF38B;SE:chr1:109235489-109236212:109236264-109238324:+	0	0	33.15	0	1	1	0	0	44	0	1	1	0	0	44.99	0	1	1	PRPF38B	1	TRUE	SE
PSAT1;SE:chr9:80932720-80942967:80943104-80943897:+	0.960237543511	104.31	9.12	0.919597989949749	0.0804020100502512	-0.839195979899497	0.980179427335	116.8	4.94	0.959421718416297	0.040578281583703	-0.918843436832594	0.957065822232	108.82	8.05	0.931120047916488	0.0688799520835116	-0.862240095832977	PSAT1	-0.873426504266667	TRUE	SE
PSMD5;SE:chr9:123591486-123593609:123593737-123594110:-	1	46.1	0	1	0	-1	1	49.57	0	1	0	-1	1	54.34	0	1	0	-1	PSMD5	-1	TRUE	SE
PTK6;SE:chr20:62165668-62166291:62166412-62168438:-	0.583976071578	3.5	2.75	0.56	0.44	-0.12	0.563387856508	3.2	3.41	0.48411497730711	0.51588502269289	0.0317700453857792	0.497479960216	2.45	3.23	0.431338028169014	0.568661971830986	0.137323943661972	PTK6	0.0163646631333333	FALSE	SE
PTP4A3;SE:chr8:142437169-142437850:142437924-142441027:+	0.811327776963	4.25	1.26	0.771324863883848	0.228675136116152	-0.542649727767695	0.667365419952	3.49	1.95	0.641544117647059	0.358455882352941	-0.283088235294118	0.624965943487	2.94	1.73	0.629550321199143	0.370449678800857	-0.259100642398287	PTP4A3	-0.361612868433333	TRUE	SE
PUS3;SE:chr11:125765684-125765802:125766225-125773065:-	0.982007390052	14.83	0.39	0.974375821287779	0.0256241787122208	-0.948751642575558	0.986561270143	15.65	0.31	0.980576441102757	0.0194235588972431	-0.961152882205514	0.946646870611	14.79	0.87	0.944444444444445	0.0555555555555556	-0.888888888888889	PUS3	-0.932931138066667	TRUE	SE
PYCARD;SE:chr16:31213162-31213468:31213524-31213738:-	0.410747770352	0.92	0.89	0.50828729281768	0.49171270718232	-0.0165745856353592	1	1.4	0.34	0.804597701149425	0.195402298850575	-0.60919540229885	1	1.77	0	1	0	-1	PYCARD	-0.541923329433333	TRUE	SE
PYGL;SE:chr14:51401903-51404454:51404555-51410879:-	0.92895346868	111.9	16.49	0.871563205857154	0.128436794142846	-0.743126411714308	0.96192730449	122.75	9.25	0.929924242424242	0.0700757575757576	-0.859848484848485	0.918617188703	111.52	20.27	0.846194703695273	0.153805296304727	-0.692389407390546	PYGL	-0.7651214346	TRUE	SE
QPCTL;SE:chr19:46196814-46198695:46198976-46201805:+	0.971836777214	5.61	0.2	0.965576592082616	0.0344234079173838	-0.931153184165232	0.942690107718	5.52	0.41	0.930860033726813	0.0691399662731872	-0.861720067453626	1	6.34	0.27	0.959152798789713	0.0408472012102874	-0.918305597579425	QPCTL	-0.903726283166667	TRUE	SE
RAD1;SE:chr5:34911917-34913575:34913683-34914800:-	0.517013896648	8.41	8.91	0.485565819861432	0.514434180138568	0.0288683602771362	0.548541531997	9.66	8.77	0.524145415084102	0.475854584915898	-0.0482908301682041	0.600962430685	10.7	8.18	0.566737288135593	0.433262711864407	-0.133474576271186	RAD1	-0.0509656820666667	FALSE	SE
RALY-AS1;SE:chr20:32580711-32580866:32580956-32582011:-	1	1.22	0	1	0	-1	1	2.71	0	1	0	-1	1	3.13	0	1	0	-1	RALY-AS1	-1	TRUE	SE
RBM15;SE:chr1:110884890-110888161:110888271-110888930:+	0.697794732441	4.87	3.41	0.588164251207729	0.41183574879227	-0.176328502415459	0.618691892734	7.48	4.08	0.647058823529412	0.352941176470588	-0.294117647058824	0.794237435969	7.28	2.21	0.767123287671233	0.232876712328767	-0.534246575342466	RBM15	-0.3348975747	TRUE	SE
REL;SE:chr2:61147244-61147518:61147613-61147709:+	0	0	1.02	0	1	1	0	0	2.04	0	1	1	0	0	1.4	0	1	1	REL	1	TRUE	SE
RFX2;SE:chr19:6016282-6026174:6026248-6039991:-	0.71523145194	3.01	1.67	0.643162393162393	0.356837606837607	-0.286324786324786	1	4.41	0	1	0	-1	0.675433171838	2.73	1.91	0.588362068965517	0.411637931034483	-0.176724137931034	RFX2	-0.487682974666667	TRUE	SE
RHBDD2;SE:chr7:75508578-75510683:75510804-75511147:+	0.514131457178	10.48	16.73	0.385152517456817	0.614847482543183	0.229694965086365	0.419127426541	9.07	16.64	0.352781019058732	0.647218980941268	0.294437961882536	0.552245909497	12.79	14.95	0.461067051189618	0.538932948810382	0.0778658976207642	RHBDD2	0.200666274966667	TRUE	SE
RLIM;SE:chrX:73815835-73832417:73832478-73834257:-	0.306592215666	4.44	10.36	0.3	0.7	0.4	0.250611185536	5.56	15.02	0.270165208940719	0.729834791059281	0.459669582118562	0.191848933666	3.74	15.22	0.197257383966245	0.802742616033755	0.605485232067511	RLIM	0.488384938033333	TRUE	SE
RNF13;SE:chr3:149531140-149531712:149531813-149563798:+	0.0769219976077	1.85	22.49	0.0760065735414955	0.923993426458504	0.847986852917009	0.0920970364493	1.94	24.95	0.0721457791000372	0.927854220899963	0.855708441799926	0.106422211668	1.98	23.74	0.0769828926905132	0.923017107309487	0.846034214618973	RNF13	0.8499098366	TRUE	SE
RPUSD3;SE:chr3:9883766-9883883:9883927-9885149:-	1	67.31	0	1	0	-1	1	63.39	0	1	0	-1	1	64.64	0	1	0	-1	RPUSD3	-1	TRUE	SE
RRBP1;SE:chr20:17641173-17660644:17660720-17662673:-	0.332063799527	20.14	53.11	0.274948805460751	0.725051194539249	0.450102389078498	0.390945613567	24.57	51.52	0.322907083716651	0.677092916283349	0.354185832566697	0.377086979715	22.77	49.78	0.313852515506547	0.686147484493453	0.372294968986906	RRBP1	0.392194396866667	TRUE	SE
RRNAD1;SE:chr1:156703312-156703801:156704285-156705517:+	0.33953914111	2.04	3.08	0.3984375	0.6015625	0.203125	0.802128298012	4.04	0.92	0.814516129032258	0.185483870967742	-0.629032258064516	0.540029191202	2.34	2.35	0.498933901918977	0.501066098081024	0.00213219616204696	RRNAD1	-0.141258354033333	FALSE	SE
SACS;SE:chr13:23942626-23945217:23945304-23949258:-	0.319845996054	1.48	4.92	0.23125	0.76875	0.5375	0.496054177615	3.23	6.65	0.326923076923077	0.673076923076923	0.346153846153846	0.575004539477	2.62	3.57	0.423263327948304	0.576736672051696	0.153473344103393	SACS	0.3457090634	TRUE	SE
SAR1B;SE:chr5:133959727-133967767:133967885-133968418:-	0.159645331544	1.58	7.39	0.176142697881828	0.823857302118172	0.647714604236343	0.262347673999	2.47	6.73	0.268478260869565	0.731521739130435	0.46304347826087	0.143082637884	1.94	7.63	0.202716823406479	0.797283176593521	0.594566353187043	SAR1B	0.568441478433333	TRUE	SE
SAT1;SE:chrX:23802000-23802411:23802520-23803445:+	0.29149923038	8.98	24.33	0.269588712098469	0.730411287901531	0.460822575803062	0.371468726307	11.13	21.59	0.340158924205379	0.659841075794621	0.319682151589242	0.30808776919	9.31	25.19	0.269855072463768	0.730144927536232	0.460289855072464	SAT1	0.4135981942	TRUE	SE
SCAND2P;SE:chr15:85175529-85177055:85177612-85180578:+	0.0618644227685	0	1.9	0	1	1	0	0	2.23	0	1	1	0.0834819342336	0.1	1.52	0.0617283950617284	0.938271604938272	0.876543209876543	SCAND2P	0.958847736666667	TRUE	SE
SCYL3;SE:chr1:169824105-169824937:169825098-169828182:-	0.108989928222	0.21	4.11	0.0486111111111111	0.951388888888889	0.902777777777778	0.099932425539	0.44	5.11	0.0792792792792793	0.920720720720721	0.841441441441441	0.0991550916472	0.39	4.78	0.0754352030947776	0.924564796905223	0.849129593810445	SCYL3	0.864449604466667	TRUE	SE
SEC23IP;SE:chr10:121652457-121657939:121658471-121662311:+	1	25.82	0	1	0	-1	1	31.52	0	1	0	-1	1	30.36	0	1	0	-1	SEC23IP	-1	TRUE	SE
SEC24C;SE:chr10:75504195-75506388:75506474-75506563:+	0.172992264706	12.69	67	0.159242062994102	0.840757937005898	0.681515874011796	0.138027657643	10.03	71.78	0.122601149003789	0.877398850996211	0.754797701992421	0.130783702046	9.41	71.35	0.116518078256563	0.883481921743437	0.766963843486875	SEC24C	0.734425806333333	TRUE	SE
SECISBP2L;SE:chr15:49309825-49311615:49311749-49319562:-	1	6	0.32	0.949367088607595	0.0506329113924051	-0.89873417721519	1	10.04	0	1	0	-1	1	8.78	0	1	0	-1	SECISBP2L	-0.966244725666667	TRUE	SE
SEP15;SE:chr1:87329288-87333736:87333785-87346345:-	0.921559674513	112.34	12.5	0.899871835950016	0.100128164049984	-0.799743671900032	0.935449422407	112.93	10.01	0.918578168212136	0.081421831787864	-0.837156336424272	0.924232017648	118.49	11.56	0.911111111111111	0.0888888888888889	-0.822222222222222	SEP15	-0.819707410133333	TRUE	SE
SEPN1;SE:chr1:26127651-26128507:26128608-26131633:+	0.147180145148	2.32	14.7	0.136310223266745	0.863689776733255	0.72737955346651	0.0216730831285	0.34	18.67	0.01788532351394	0.98211467648606	0.96422935297212	0.0806148440639	1.4	18.71	0.069617105917454	0.930382894082546	0.860765788165092	SEPN1	0.850791564666667	TRUE	SE
SERPINB2;SE:chr18:61555004-61557072:61557329-61558670:+	0	0	11.48	0	1	1	0	0	10.77	0	1	1	0	0	12.68	0	1	1	SERPINB2	1	TRUE	SE
SFSWAP;SE:chr12:132262875-132269618:132269773-132271008:+	0.0310975087035	0.24	15.5	0.0152477763659466	0.984752223634053	0.969504447268107	0.0357764530413	0.59	17.36	0.0328690807799443	0.967130919220056	0.934261838440111	0.0483156054461	0.81	16.7	0.0462592804111936	0.953740719588806	0.907481439177613	SFSWAP	0.9370825748	TRUE	SE
SIL1;SE:chr5:138463542-138532130:138532217-138533958:-	0.0277407425113	0.93	56.49	0.01619644723093	0.98380355276907	0.96760710553814	0.0365705767273	1.11	52.61	0.02066269545793	0.97933730454207	0.95867460908414	0.0148319094453	0.58	51.19	0.0112033996523083	0.988796600347692	0.977593200695383	SIL1	0.967958305366667	TRUE	SE
SIVA1;SE:chr14:105219656-105221967:105222161-105222941:+	0.98750624903	129.53	2.22	0.98314990512334	0.0168500948766603	-0.966299810246679	0.995282337193	112.45	0.71	0.993725698126547	0.00627430187345352	-0.987451396253093	0.984165519721	114.53	2.3	0.980313275699735	0.0196867243002653	-0.960626551399469	SIVA1	-0.971459252433333	TRUE	SE
SKA3;SE:chr13:21729289-21729832:21729950-21732061:-	0.925241999684	49.91	4.68	0.914270012822861	0.0857299871771387	-0.828540025645723	0.917271798459	56.54	5.97	0.904495280755079	0.0955047192449208	-0.808990561510158	0.904253350586	57.75	7.08	0.890791300323924	0.109208699676076	-0.781582600647848	SKA3	-0.806371062833333	TRUE	SE
SLC15A3;SE:chr11:60707110-60708594:60708762-60709507:-	0.742647042161	2.98	1.03	0.743142144638404	0.256857855361596	-0.486284289276808	0.813055436488	3.09	0.73	0.808900523560209	0.191099476439791	-0.617801047120419	0.553127310941	1.7	1.45	0.53968253968254	0.46031746031746	-0.0793650793650794	SLC15A3	-0.3944834717	TRUE	SE
SLC2A6;SE:chr9:136338372-136338537:136338722-136339102:-	0.943572380191	13.56	1.6	0.894459102902375	0.105540897097625	-0.788918205804749	0.881338269102	13.03	2.71	0.827827191867853	0.172172808132147	-0.655654383735705	0.946486310707	14.07	1.91	0.880475594493116	0.119524405506884	-0.760951188986233	SLC2A6	-0.7351745929	TRUE	SE
SLC35A1;SE:chr6:88216166-88218138:88218314-88218759:+	0.911113827543	10.42	0	1	0	-1	0.960774191632	9.97	0	1	0	-1	0.967197768686	10.51	0	1	0	-1	SLC35A1	-1	TRUE	SE
SLC38A4;SE:chr12:47186966-47197386:47197577-47219686:-	0.119491267455	0.15	1.59	0.0862068965517241	0.913793103448276	0.827586206896552	0.352352194769	0.66	1.71	0.278481012658228	0.721518987341772	0.443037974683544	0.221364917094	0.3	2.45	0.109090909090909	0.890909090909091	0.781818181818182	SLC38A4	0.684147454566667	TRUE	SE
SLC7A6;SE:chr16:68300624-68307721:68307807-68308594:+	0.409340787497	5.76	10.16	0.361809045226131	0.638190954773869	0.276381909547739	0.569079527925	8.25	9.65	0.460893854748603	0.539106145251397	0.0782122905027933	0.542562896481	8.06	9.17	0.467788740568775	0.532211259431225	0.0644225188624492	SLC7A6	0.139672239833333	FALSE	SE
SMAD6;SE:chr15:67008836-67009347:67009478-67073335:+	0	0	1	0	1	1	0	0	0.78	0	1	1	0	0	0.83	0	1	1	SMAD6	1	TRUE	SE
SMARCD1;SE:chr12:50488355-50490633:50490755-50492497:+	0.942635437972	40.03	3.36	0.922562802489053	0.0774371975109472	-0.845125604978106	0.945854467646	42.15	2.87	0.936250555308752	0.0637494446912483	-0.872501110617503	0.993917862665	44.41	0.41	0.990852298081214	0.00914770191878626	-0.981704596162428	SMARCD1	-0.899777103866667	TRUE	SE
SNAP23;SE:chr15:42807552-42820460:42820618-42821873:+	0.919980180519	33.35	3.82	0.897228948076406	0.102771051923594	-0.794457896152811	0.90442312611	37.77	4.89	0.885372714486639	0.114627285513361	-0.770745428973277	0.909506117538	37.39	4.89	0.88434247871334	0.11565752128666	-0.768684957426679	SNAP23	-0.777962760666667	TRUE	SE
SNRPC;SE:chr6:34725328-34725689:34725731-34730372:+	0.981982337214	396.6	7.41	0.981658869829955	0.0183411301700453	-0.963317739659909	0.980228516218	404.58	8.75	0.97883047443931	0.02116952556069	-0.95766094887862	0.986504768519	395.6	5.32	0.98673051980445	0.0132694801955502	-0.9734610396089	SNRPC	-0.964813242966667	TRUE	SE
SNX4;SE:chr3:125217038-125223467:125223588-125238876:-	1	23.25	0	1	0	-1	0.987856190268	27.72	0.43	0.984724689165187	0.0152753108348135	-0.969449378330373	1	27.4	0	1	0	-1	SNX4	-0.989816459433333	TRUE	SE
SOCS4;SE:chr14:55494189-55498581:55498709-55509670:+	0.388472961691	4.65	9.41	0.33072546230441	0.66927453769559	0.338549075391181	0.51096063732	9.01	11.17	0.446481665014866	0.553518334985134	0.107036669970268	0.496354938925	8.42	10.64	0.441762854144806	0.558237145855194	0.116474291710388	SOCS4	0.187353345666667	FALSE	SE
SPATA7;SE:chr14:88857799-88859737:88859832-88862500:+	0.36842258066	0.37	1.65	0.183168316831683	0.816831683168317	0.633663366336634	0.255048458017	0.52	1.93	0.212244897959184	0.787755102040816	0.575510204081633	0.361000564655	0.54	1.5	0.264705882352941	0.735294117647059	0.470588235294118	SPATA7	0.5599206017	TRUE	SE
SPINT2;SE:chr19:38755638-38774267:38774437-38778516:+	0.984499352639	199.62	3.89	0.980885460173947	0.0191145398260528	-0.961770920347894	0.975402905383	177.89	5.54	0.969797743008232	0.030202256991768	-0.939595486016464	0.981689950292	187.18	4.06	0.978770131771596	0.0212298682284041	-0.957540263543192	SPINT2	-0.95296889	TRUE	SE
SRSF3;SE:chr6:36566760-36567598:36568053-36568929:+	0.0242116254179	4.48	216.98	0.0202293867967127	0.979770613203287	0.959541226406575	0.030597117869	5.42	220.24	0.0240184348134361	0.975981565186564	0.951963130373128	0.0367599056508	6.65	221.02	0.0292089427680415	0.970791057231958	0.941582114463917	SRSF3	0.951028823466667	TRUE	SE
SSX1;SE:chrX:48114867-48115486:48115571-48116657:+	0.110890555051	4.04	36.92	0.0986328125	0.9013671875	0.802734375	0.08506635184	2.4	38.73	0.0583515681983953	0.941648431801605	0.883296863603209	0.0822060736759	2.78	34.26	0.0750539956803456	0.924946004319654	0.849892008639309	SSX1	0.8453077492	TRUE	SE
ST6GALNAC4;SE:chr9:130677120-130678687:130678773-130679105:-	0.927240011763	29.19	2.91	0.909345794392523	0.0906542056074766	-0.818691588785047	0.96599140555	29.04	1.26	0.958415841584158	0.0415841584158416	-0.916831683168317	0.933079118582	30.98	2.77	0.917925925925926	0.0820740740740741	-0.835851851851852	ST6GALNAC4	-0.8571250414	TRUE	SE
STAG3L4;SE:chr7:66771070-66773564:66773639-66773922:+	0	0	3.16	0	1	1	0.11106844623	0.42	3.71	0.101694915254237	0.898305084745763	0.796610169491526	0.0810296392033	0.25	3.83	0.0612745098039216	0.938725490196078	0.877450980392157	STAG3L4	0.8913537165	TRUE	SE
STX3;SE:chr11:59562955-59564756:59564869-59568328:+	0.923783828175	15.4	1.62	0.904817861339601	0.0951821386603995	-0.809635722679201	0.849001764962	15.4	3.37	0.820458177943527	0.179541822056473	-0.640916355887054	0.846191956504	16.05	3.91	0.804108216432866	0.195891783567134	-0.608216432865732	STX3	-0.686256170633333	TRUE	SE
STXBP1;SE:chr9:130444839-130446647:130446772-130453054:+	0.0239134908394	0.42	19.73	0.0208436724565757	0.979156327543424	0.958312655086848	0.0109381902151	0.2	21.79	0.00909504320145521	0.990904956798545	0.98180991359709	0.00931049872232	0.19	22.73	0.00828970331588133	0.991710296684119	0.983420593368237	STXBP1	0.9745143872	TRUE	SE
SYNC;SE:chr1:33147461-33149611:33149690-33149859:-	0.850278240976	1.22	0.23	0.841379310344828	0.158620689655172	-0.682758620689655	0.19122365912	0.24	0.92	0.206896551724138	0.793103448275862	0.586206896551724	0.394239782296	0.51	0.82	0.383458646616541	0.616541353383459	0.233082706766917	SYNC	0.0455103275333334	FALSE	SE
TAF11;SE:chr6:34846497-34847744:34847840-34848066:-	0.950581220729	34.25	2.11	0.941969196919692	0.058030803080308	-0.883938393839384	0.989711227303	38.2	0.55	0.985806451612903	0.0141935483870968	-0.971612903225807	0.983035716993	38.16	0.92	0.976458546571136	0.0235414534288639	-0.952917093142272	TAF11	-0.936156130066667	TRUE	SE
TBC1D5;SE:chr3:17255862-17275177:17275242-17279655:-	0.964666202281	8.61	0.27	0.969594594594595	0.0304054054054054	-0.939189189189189	0.961949976503	11.39	0.34	0.971014492753623	0.0289855072463768	-0.942028985507246	0.939377360544	9.83	0.52	0.94975845410628	0.0502415458937198	-0.89951690821256	TBC1D5	-0.926911694166667	TRUE	SE
TBRG1;SE:chr11:124495799-124496369:124496505-124496800:+	0.572952571801	6.83	5.57	0.550806451612903	0.449193548387097	-0.101612903225806	0.613062009212	8.75	5.52	0.613174491941135	0.386825508058865	-0.226348983882271	0.5644315599	7.3	6.56	0.526695526695527	0.473304473304473	-0.0533910533910534	TBRG1	-0.127117646633333	FALSE	SE
TCEAL8;SE:chrX:102508945-102509533:102509605-102510006:-	0.847848436409	16.22	3.66	0.8158953722334	0.1841046277666	-0.631790744466801	0.856295745141	16.5	3.54	0.823353293413174	0.176646706586826	-0.646706586826347	0.941057963059	16.54	1.17	0.933935629587803	0.0660643704121965	-0.867871259175607	TCEAL8	-0.7154561966	TRUE	SE
TDP1;SE:chr14:90422314-90422922:90423144-90429452:+	0.435556494356	16.72	23.74	0.413247652001977	0.586752347998023	0.173504695996046	0.542252628912	20.02	20	0.500249875062469	0.499750124937531	-0.00049975012493747	0.390131386464	14.26	24.74	0.365641025641026	0.634358974358974	0.268717948717949	TDP1	0.147240964966667	FALSE	SE
THSD1;SE:chr13:52952924-52960163:52960321-52971367:-	1	1.61	0	1	0	-1	0.0933705950979	0.19	2.14	0.0815450643776824	0.918454935622318	0.836909871244635	0.581124861893	0.7	0.98	0.416666666666667	0.583333333333333	0.166666666666667	THSD1	0.00119217940000001	FALSE	SE
TMEM126A;SE:chr11:85359133-85361293:85361385-85365107:+	0.971105642814	38.48	1.99	0.950827773659501	0.0491722263404991	-0.901655547319002	0.930185898063	35.39	4.02	0.897995432631312	0.102004567368688	-0.795990865262624	0.943355594019	33.78	3.46	0.907089151450054	0.0929108485499463	-0.814178302900107	TMEM126A	-0.8372749051	TRUE	SE
TMEM150A;SE:chr2:85827141-85827468:85827535-85828144:-	0.6237616151	4	2.65	0.601503759398496	0.398496240601504	-0.203007518796992	0.652129056633	3.22	1.86	0.633858267716535	0.366141732283465	-0.267716535433071	0.813583281945	5.23	1.45	0.782934131736527	0.217065868263473	-0.565868263473054	TMEM150A	-0.345530772466667	TRUE	SE
TMEM214;SE:chr2:27258153-27258462:27258596-27258838:+	0.948988661126	37.33	4.14	0.900168796720521	0.0998312032794791	-0.800337593441042	0.926761530997	37.46	5.25	0.877077967689066	0.122922032310934	-0.754155935378132	0.946408365089	37.82	5.57	0.871629407697626	0.128370592302374	-0.743258815395252	TMEM214	-0.7659174478	TRUE	SE
TMEM259;SE:chr19:1010894-1011095:1011194-1011366:-	0.979972076692	69.71	1.88	0.973739349071099	0.0262606509289007	-0.947478698142199	0.978134156361	62.65	1.59	0.975249066002491	0.0247509339975093	-0.950498132004981	0.990768394736	65.07	1.15	0.982633645424343	0.0173663545756569	-0.965267290848686	TMEM259	-0.954414707	TRUE	SE
TMEM39A;SE:chr3:119166019-119170056:119170164-119171294:-	0.0235411978111	0.22	10.47	0.0205799812909261	0.979420018709074	0.958840037418148	0.0243205744335	0.24	11.54	0.0203735144312394	0.979626485568761	0.959252971137521	0.0209106018876	0.22	11.84	0.0182421227197347	0.981757877280265	0.963515754560531	TMEM39A	0.960536254366667	TRUE	SE
TNFRSF14;SE:chr1:2492153-2493112:2493254-2494304:+	1	1.96	0	1	0	-1	1	1.68	0	1	0	-1	1	1.34	0.1	0.930555555555555	0.0694444444444444	-0.861111111111111	TNFRSF14	-0.953703703666667	TRUE	SE
TP53INP1;SE:chr8:95942956-95944298:95944335-95952088:-	1	0.45	0	1	0	-1	0.646120898403	0.32	0.21	0.60377358490566	0.39622641509434	-0.207547169811321	5.29530679768e-08	0	0.44	0	1	1	TP53INP1	-0.0691823899333333	FALSE	SE
TPK1;SE:chr7:144245695-144288516:144288662-144320259:-	1	2.09	0	1	0	-1	0.682404623802	1.61	0.93	0.633858267716535	0.366141732283465	-0.267716535433071	0.357932736517	0.91	1.99	0.313793103448276	0.686206896551724	0.372413793103448	TPK1	-0.298434247466667	TRUE	SE
TRIM33;SE:chr1:114940482-114940562:114940612-114942079:-	0.800357363182	9.63	2.37	0.8025	0.1975	-0.605	0.815727579981	14.26	3.87	0.786541643684501	0.213458356315499	-0.573083287369002	0.872188672206	12.47	2.41	0.838037634408602	0.161962365591398	-0.676075268817204	TRIM33	-0.618052852133333	TRUE	SE
TRIM4;SE:chr7:99507283-99514325:99514402-99516632:-	0.127681418796	0.79	4.96	0.137391304347826	0.862608695652174	0.725217391304348	0.0348465304579	0.21	6.63	0.0307017543859649	0.969298245614035	0.93859649122807	0.101399611769	0.62	6	0.0936555891238671	0.906344410876133	0.812688821752266	TRIM4	0.8255009014	TRUE	SE
TRNAU1AP;SE:chr1:28887244-28887625:28887772-28887858:+	0.00754548857239	0.14	19.57	0.00710299340436327	0.992897006595637	0.985794013191273	0.00779781192836	0.13	18.69	0.00690754516471838	0.993092454835282	0.986184909670563	0.00843891675367	0.14	18.55	0.00749063670411985	0.99250936329588	0.98501872659176	TRNAU1AP	0.985665883233333	TRUE	SE
TXN;SE:chr9:113007123-113013100:113013159-113013638:-	1	1698.6	0	1	0	-1	0.999252327696	1570.84	1.25	0.999204880127728	0.000795119872271944	-0.998409760255456	0.999772004447	1623.68	0.39	0.9997598625675	0.000240137432499831	-0.999519725135	TXN	-0.999309828433333	TRUE	SE
UHRF2;SE:chr9:6486925-6492303:6492401-6493826:+	0	0	16.57	0	1	1	0	0	19.14	0	1	1	0	0	21	0	1	1	UHRF2	1	TRUE	SE
UPF3A;SE:chr13:115048418-115051777:115051875-115051994:+	0.527252943302	10.93	11.45	0.488382484361037	0.511617515638963	0.0232350312779268	0.523082058493	11.44	12.79	0.47214197276104	0.52785802723896	0.0557160544779199	0.53728680511	12.07	12.48	0.491649694501018	0.508350305498982	0.0167006109979633	UPF3A	0.0318838988333333	FALSE	SE
USO1;SE:chr4:76678726-76681747:76681758-76691592:+	0.070313598711	2.69	37.3	0.0672668167041761	0.932733183295824	0.865466366591648	0.0211020337597	0.99	46.58	0.0208114357788522	0.979188564221148	0.958377128442296	0.0416868707703	1.94	44.49	0.0417833297437002	0.9582166702563	0.9164333405126	USO1	0.913425612133333	TRUE	SE
USP47;SE:chr11:11863771-11901724:11901927-11906014:+	0.667677420511	8.24	7.66	0.518238993710692	0.481761006289308	-0.0364779874213836	0.607305970517	10.13	9.15	0.525414937759336	0.474585062240664	-0.0508298755186722	0.74017167262	10.82	7.43	0.592876712328767	0.407123287671233	-0.185753424657534	USP47	-0.0910204291666667	FALSE	SE
UTP14A;SE:chrX:129045126-129045742:129045897-129053151:+	1	38.98	0	1	0	-1	0.980531706112	35.8	1.22	0.967044840626688	0.0329551593733117	-0.934089681253377	0.985816162351	37.77	1.12	0.971200822833633	0.0287991771663667	-0.942401645667267	UTP14A	-0.958830442433333	TRUE	SE
VAV2;SE:chr9:136633718-136634539:136634625-136635500:-	0	0	19.66	0	1	1	0	0	20.2	0	1	1	0	0	21.41	0	1	1	VAV2	1	TRUE	SE
VCL;SE:chr10:75868914-75871667:75871870-75873942:+	0.0222267330399	2.09	101.65	0.0201465201465201	0.97985347985348	0.95970695970696	0.0279822612129	3.39	126.32	0.0261352247320947	0.973864775267905	0.947729550535811	0.0268678708895	2.88	120.66	0.0233122875182127	0.976687712481787	0.953375424963575	VCL	0.9536039785	TRUE	SE
VKORC1L1;SE:chr7:65338552-65413658:65413767-65419061:+	0.850534111856	20.47	4.39	0.823411102172164	0.176588897827836	-0.646822204344328	0.876654969636	23.89	3.84	0.861521817526145	0.138478182473855	-0.72304363505229	0.936969476731	25.35	1.86	0.931642778390298	0.0683572216097023	-0.863285556780595	VKORC1L1	-0.7443837987	TRUE	SE
VPS41;SE:chr7:38860865-38869854:38869928-38902145:-	1	8.76	0	1	0	-1	1	9.14	0	1	0	-1	1	8.47	0	1	0	-1	VPS41	-1	TRUE	SE
VPS53;SE:chr17:559193-565049:565135-600658:-	0.544995834699	5.97	5.23	0.533035714285714	0.466964285714286	-0.0660714285714285	0.510025187298	6.93	6.21	0.527397260273973	0.472602739726027	-0.0547945205479452	0.495854781411	6.67	6.84	0.493708364174685	0.506291635825315	0.0125832716506291	VPS53	-0.0360942258333333	FALSE	SE
WDHD1;SE:chr14:55480314-55493429:55493521-55493746:-	1	20.84	0	1	0	-1	1	27.62	0	1	0	-1	1	25.67	0	1	0	-1	WDHD1	-1	TRUE	SE
WDR17;SE:chr4:176987230-177017614:177017736-177032726:+	0	0	0.43	0	1	1	0.199204338014	0.13	0.52	0.2	0.8	0.6	0	0	0.42	0	1	1	WDR17	0.866666666666667	TRUE	SE
XPC;SE:chr3:14208753-14209757:14209880-14211938:-	1	4.21	0	1	0	-1	1	4.21	0	1	0	-1	1	4.93	0	1	0	-1	XPC	-1	TRUE	SE
XYLT2;SE:chr17:48434134-48434418:48434613-48435568:+	1	12.06	0	1	0	-1	1	11.65	0	1	0	-1	0.925287234372	9.17	1.77	0.838208409506399	0.161791590493601	-0.676416819012797	XYLT2	-0.892138939666667	TRUE	SE
YBX3;SE:chr12:10856747-10862507:10862713-10865810:-	0.635666918547	127.01	98.69	0.56273814798405	0.43726185201595	-0.125476295968099	0.668176912429	131.08	89.98	0.592961187008052	0.407038812991948	-0.185922374016104	0.68481034245	135.67	90.46	0.599964622120019	0.400035377879981	-0.199929244240039	YBX3	-0.170442638	FALSE	SE
YIF1A;SE:chr11:66052437-66052852:66053007-66053172:-	0.592672541281	53.61	44.8	0.544761711208211	0.455238288791789	-0.0895234224164211	0.447626150076	38.2	55.29	0.408599850251364	0.591400149748636	0.182800299497272	0.476051615549	38.21	49.78	0.434253892487783	0.565746107512217	0.131492215024435	YIF1A	0.0749230308333333	FALSE	SE
YIPF6;SE:chrX:67718965-67731691:67731819-67733169:+	0.958567040576	8.33	0.49	0.944444444444444	0.0555555555555556	-0.888888888888889	0.934770671434	9.57	0.87	0.916666666666667	0.0833333333333333	-0.833333333333333	1	10.11	0	1	0	-1	YIPF6	-0.907407407433333	TRUE	SE
YWHAE;SE:chr17:1268352-1273003:1273035-1303341:-	0.0454948717435	62.36	1450.6	0.0412172165820643	0.958782783417936	0.917565566835871	0.0470781210943	69.4	1515.84	0.0437788599833464	0.956221140016654	0.912442280033307	0.0467278784944	71.09	1572.19	0.0432610388978141	0.956738961102186	0.913477922204372	YWHAE	0.914495256333333	TRUE	SE
ZDHHC3;SE:chr3:44970928-44974399:44974482-44974610:-	0.272934955032	4.7	14.23	0.248283148441627	0.751716851558373	0.503433703116746	0.264635226576	4.76	14.35	0.249084249084249	0.750915750915751	0.501831501831502	0.305433699723	5.59	14.23	0.282038345105954	0.717961654894046	0.435923309788093	ZDHHC3	0.4803961716	TRUE	SE
ZDHHC7;SE:chr16:85015600-85022369:85022479-85023910:-	0.523453981549	20.07	24.64	0.448892865130843	0.551107134869157	0.102214269738314	0.500463658921	21.77	26.92	0.447114397206819	0.552885602793181	0.105771205586363	0.569327678007	24.86	24.11	0.507657749642638	0.492342250357362	-0.0153154992852766	ZDHHC7	0.0642233255333333	FALSE	SE
ZFYVE21;SE:chr14:104195519-104196130:104196183-104198957:+	0.159315226699	5.42	32.28	0.143766578249337	0.856233421750663	0.712466843501326	0.122118531483	4.2	34.08	0.109717868338558	0.890282131661442	0.780564263322884	0.215747777694	7.12	29.39	0.195015064365927	0.804984935634073	0.609969871268146	ZFYVE21	0.7010003261	TRUE	SE
ZNF112;SE:chr19:44844694-44847406:44847454-44860778:-	1	0.69	0	1	0	-1	1	0.27	0	1	0	-1	0	0	0.46	0	1	1	ZNF112	-0.333333333333333	TRUE	SE
ZNF271P;SE:chr18:32870355-32870974:32871196-32885940:+	0.948798028112	6.16	0.34	0.947692307692308	0.0523076923076923	-0.895384615384615	0.902394362244	6.94	0.78	0.898963730569948	0.101036269430052	-0.797927461139896	0.901941805155	6.46	0.62	0.912429378531073	0.0875706214689266	-0.824858757062147	ZNF271P	-0.8393902777	TRUE	SE
ZNF273;SE:chr7:64363797-64377408:64377496-64377959:+	0.598267447689	0.62	0.26	0.704545454545455	0.295454545454545	-0.409090909090909	1	0.94	0	1	0	-1	0.392881776797	0.22	0.59	0.271604938271605	0.728395061728395	0.45679012345679	ZNF273	-0.317433595333333	TRUE	SE
ZNF507;SE:chr19:32836689-32838151:32838244-32843735:+	0.815097429225	4.46	1.66	0.72875816993464	0.271241830065359	-0.457516339869281	0.868565931038	7.28	1.71	0.809788654060067	0.190211345939933	-0.619577308120133	0.797767638073	6.45	2.16	0.749128919860627	0.250871080139373	-0.498257839721254	ZNF507	-0.5251171627	TRUE	SE
ZNF549;SE:chr19:58038974-58042438:58042476-58046512:+	0	0	1.21	0	1	1	1	2.02	0	1	0	-1	0.999591002777	1.59	0.08	0.952095808383233	0.0479041916167665	-0.904191616766467	ZNF549	-0.301397205666667	TRUE	SE
ZNF613;SE:chr19:52430793-52431148:52431247-52432985:+	0.441797685318	1.2	1.21	0.497925311203319	0.50207468879668	0.00414937759336104	0.373757168142	1.55	1.74	0.47112462006079	0.52887537993921	0.0577507598784195	0	0	2.71	0	1	1	ZNF613	0.353966712633333	TRUE	SE
ZNF850;SE:chr19:37241706-37252545:37252640-37253207:-	0.999999999759	1.05	0	1	0	-1	1	1.24	0	1	0	-1	1	1.29	0	1	0	-1	ZNF850	-1	TRUE	SE
