event_id	SRR1513329_Sample1	tpm1_sample1	tpm2_sample1	PSI_original_sample1	PSI_switched_sample1	DeltaPSI_sample1	SRR1513330_Sample1	tpm1_sample2	tpm2_sample2	PSI_original_sample2	PSI_switched_sample2	DeltaPSI_sample2	SRR1513331_Sample1	tpm1	tpm2	PSI_original	PSI_switched	DeltaPSI	gene	meanDeltaPSI	significant	event_type
FERMT3;A3:chr11:63987261-63987351:63987261-63987363:+	0	0	0.5	0	1	1	0	0	0.63	0	1	1	0	0	0.61	0	1	1	FERMT3	1	TRUE	A3
KIN;A3:chr10:7798105-7801853:7796032-7801853:-	0.268932610142	1.22	3.53	0.256842105263158	0.743157894736842	0.486315789473684	0.292295935078	1.38	3.25	0.298056155507559	0.701943844492441	0.403887688984881	0.399610188498	1.73	2.61	0.398617511520737	0.601382488479263	0.202764976958525	KIN	0.364322818333333	TRUE	A3
POGLUT1;A3:chr3:119196295-119198755:119196295-119198898:+	0.0463885452429	0.23	5.51	0.0400696864111498	0.95993031358885	0.9198606271777	0.0373968077673	0.22	6.62	0.0321637426900585	0.967836257309942	0.935672514619883	0.0353722675055	0.19	6.11	0.0301587301587302	0.96984126984127	0.93968253968254	POGLUT1	0.931738560533333	TRUE	A3
CTNS;A5:chr17:3540125-3540401:3540002-3540401:+	0.9726701	7.01	0.09	0.9873239	0.01267606	-0.9746479	0.961586	8	0.22	0.973236	0.02676399	-0.946472	0.8978497	7.26	0.62	0.9213198	0.0786802	-0.8426396	CTNS	-0.9212532	TRUE	A5
DGUOK-AS1;A5:chr2:74185334-74208236:74185334-74208262:-	0.884923327453	15.31	2.19	0.874857142857143	0.125142857142857	-0.749714285714286	0.874669900683	13.96	2.13	0.867619639527657	0.132380360472343	-0.735239279055314	0.785197501134	15.45	2.4	0.865546218487395	0.134453781512605	-0.73109243697479	DGUOK-AS1	-0.7386820007	TRUE	A5
C22orf23;A5:chr22:38349165-38349455:38349165-38349625:-	1	1.91	0	1	0	-1	0.3356501	0.65	1.35	0.325	0.675	0.35	1	2.25	0.02	0.9911894	0.008810573	-0.9823789	C22orf23	-0.5441263	TRUE	A5
LPPR2;A3:chr19:11468415-11470208:11468415-11470283:+	0.8081567	24.3	5.82	0.8067729	0.1932271	-0.6135458	0.7998035	23.07	6.89	0.7700267	0.2299733	-0.5400534	0.7339337	22.98	8.72	0.7249211	0.2750789	-0.4498423	LPPR2	-0.5344805	TRUE	A3
SDF4;A3:chr1:1153184-1153838:1153068-1153838:-	0.0536697758829	6.83	128.26	0.0505588866681472	0.949441113331853	0.898882226663706	0.0344543342563	4.19	126.92	0.0319578979482877	0.968042102051712	0.936084204103425	0.0388152401893	4.79	121.93	0.0377998737373737	0.962200126262626	0.924400252525252	SDF4	0.9197888947	TRUE	A3
RPL11;A3:chr1:24018319-24019099:24018319-24019102:+	0.870486552608	3049.62	462.54	0.868303266365997	0.131696733634003	-0.736606532731994	0.886656553754	3096.86	407.2	0.883791944201869	0.116208055798131	-0.767583888403737	0.87522557222	2910.85	417.25	0.874628166220967	0.125371833779033	-0.749256332441934	RPL11	-0.7511489178	TRUE	A3
ATP5G1;A5:chr17:46970272-46970771:46970202-46970771:+	0.0425694647492	24.24	599.37	0.0388704478760764	0.961129552123924	0.922259104247847	0.0426220193233	20.49	527.48	0.0373925579867511	0.962607442013249	0.925214884026498	0.0488623717539	26.29	562.78	0.044629670497564	0.955370329502436	0.910740659004872	ATP5G1	0.919404882333333	TRUE	A5
DHFRL1;A5:chr3:93780450-93781590:93780450-93781713:-	0.878676891432	1.72	0.2	0.895833333333333	0.104166666666667	-0.791666666666667	0.64925951553	1.66	1.18	0.584507042253521	0.415492957746479	-0.169014084507042	0.875996929567	2.31	0.27	0.895348837209302	0.104651162790698	-0.790697674418605	DHFRL1	-0.5837928085	TRUE	A5
CRK;A5:chr17:1326944-1339914:1326944-1340084:-	0.362185477754	23.12	55.47	0.294185010815625	0.705814989184375	0.411629978368749	0.429590861331	37.85	63.85	0.372173058013766	0.627826941986234	0.255653883972468	0.407767745885	35.57	64.87	0.354141776184787	0.645858223815213	0.291716447630426	CRK	0.31966677	TRUE	A5
SLC25A36;A3:chr3:140692847-140695102:140692847-140695105:+	1	10.59	0	1	0	-1	1	13.42	0	1	0	-1	1	13.24	0	1	0	-1	SLC25A36	-1	TRUE	A3
KMT2A;A5:chr11:118362033-118362459:118362024-118362459:+	0.000515701877044	0	2.25	0	1	1	0.477530972268	1.63	1.79	0.476608187134503	0.523391812865497	0.0467836257309941	0.20366930416	0.04	2.05	0.0191387559808612	0.980861244019139	0.961722488038278	KMT2A	0.6695020379	TRUE	A5
TCF19;A3:chr6:31126499-31126674:31126499-31126920:+	0.862046169578	52.3	17.84	0.745651554034788	0.254348445965212	-0.491303108069575	0.864505472109	54.64	20.94	0.722942577401429	0.277057422598571	-0.445885154802858	0.789336963414	48.96	23.84	0.672527472527473	0.327472527472527	-0.345054945054945	TCF19	-0.4274144026	TRUE	A3
MYO9B;A5:chr19:17322595-17322704:17322583-17322704:+	0.386196338958	7.43	5.33	0.582288401253918	0.417711598746081	-0.164576802507837	1.08135817136e-05	0	12.87	0	1	1	0.511133395816	5.71	6.78	0.457165732586069	0.542834267413931	0.0856685348278623	MYO9B	0.307030577333333	TRUE	A5
SORD;A3:chr15:45335619-45353180:45335619-45353265:+	0	0	119.25	0	1	1	0	0	119.29	0	1	1	0	0	117.2	0	1	1	SORD	1	TRUE	A3
SAMD8;A5:chr10:76871536-76910272:76871480-76910272:+	0.05088806	0.66	11.14	0.0559322	0.9440678	0.8881356	0.07532725	0.96	14.25	0.06311637	0.9368836	0.8737673	0.03380787	0.46	14.49	0.03076923	0.9692308	0.9384615	SAMD8	0.9001215	TRUE	A5
KIAA2018;A3:chr3:113380272-113383160:113368697-113383160:-	0.505037199591	0.56	1.05	0.347826086956522	0.652173913043478	0.304347826086957	0.666334261383	0.84	1.2	0.411764705882353	0.588235294117647	0.176470588235294	0.65233973778	0.55	0.73	0.4296875	0.5703125	0.140625	KIAA2018	0.207147804733333	TRUE	A3
SPRED3;A5:chr19:38881119-38882586:38881026-38882586:+	0.588861	1.65	0.7	0.7021277	0.2978723	-0.4042553	0.527683	0.96	0.94	0.5052632	0.4947368	-0.01052632	0.9820711	2.31	0.01	0.9956897	0.004310345	-0.9913793	SPRED3	-0.4687203	TRUE	A5
CTC1;A3:chr17:8140837-8141349:8140732-8141349:-	0.9491852	4.51	0.34	0.9298969	0.07010309	-0.8597938	0.8814647	4.31	0.73	0.8551587	0.1448413	-0.7103175	0.9015923	4.67	0.79	0.8553114	0.1446886	-0.7106227	CTC1	-0.7602447	TRUE	A3
DHRS2;A5:chr14:24113763-24114036:24113752-24114036:+	0	0	0.85	0	1	1	0	0	0.7	0	1	1	0	0	0.97	0	1	1	DHRS2	1	TRUE	A5
RPL38;A5:chr17:72199884-72200057:72199849-72200057:+	0.731796429138	2749.69	1183.38	0.699120534340858	0.300879465659142	-0.398241068681717	0.723407902271	2661.91	1191.29	0.690830997612374	0.309169002387626	-0.381661995224748	0.723643077121	2507.42	1122.06	0.690848275786063	0.309151724213937	-0.381696551572126	RPL38	-0.387199872066667	TRUE	A5
CD68;A3:chr17:7483044-7483128:7483044-7483209:+	0.902167620034	232.9	27.22	0.895355989543288	0.104644010456712	-0.790711979086576	0.900532347592	231.09	28.25	0.89106963831264	0.10893036168736	-0.782139276625279	0.901854754774	240.32	29.74	0.889876323779901	0.110123676220099	-0.779752647559802	CD68	-0.7842013012	TRUE	A3
FAM86JP;A5:chr3:125635660-125637707:125635562-125637707:+	0.39375113165	1.52	0.83	0.646808510638298	0.353191489361702	-0.293617021276596	1	2.13	0	1	0	-1	0.385098890178	1.47	0.93	0.6125	0.3875	-0.225	FAM86JP	-0.506205673666667	TRUE	A5
KIF20B;A3:chr10:91484915-91486050:91484915-91486170:+	0.112638035136	1.96	20.43	0.0875390799464046	0.912460920053595	0.824921840107191	0.0709302057483	1.86	28.5	0.0612648221343874	0.938735177865613	0.877470355731225	0.0545350082715	1.11	24.76	0.0429068419018168	0.957093158098183	0.914186316196366	KIF20B	0.872192837233333	TRUE	A3
AFF1;A3:chr4:88053560-88055623:88053560-88055626:+	0.871287936079	3.24	0.32	0.910112359550562	0.0898876404494382	-0.820224719101124	0.946223444924	4.8	0.25	0.95049504950495	0.0495049504950495	-0.900990099009901	0.870284845077	4.59	0.29	0.940573770491803	0.0594262295081967	-0.881147540983606	AFF1	-0.867454119666667	TRUE	A3
KIAA1033;A5:chr12:105527677-105531664:105527674-105531664:+	0.0478265192862	0.6	23.57	0.0248241621845263	0.975175837815474	0.950351675630947	0	0	33.87	0	1	1	0.0349883949422	1.11	31.42	0.0341223486012911	0.965877651398709	0.931755302797418	KIAA1033	0.960702326333333	TRUE	A5
USP9X;A5:chrX:41089080-41089754:41089032-41089754:+	0.0631555449713	0.74	11.65	0.059725585149314	0.940274414850686	0.880548829701372	0.08330522514	1.23	14.61	0.0776515151515152	0.922348484848485	0.84469696969697	0.0845611745084	1.05	11.72	0.0822239624119029	0.917776037588097	0.835552075176194	USP9X	0.853599291566667	TRUE	A5
HEATR2;A3:chr7:766952-769300:766952-769362:+	1	41.74	0	1	0	-1	0.94119893089	37.84	5.85	0.866102082856489	0.133897917143511	-0.732204165712978	0.996139450453	30.11	14.88	0.669259835519004	0.330740164480996	-0.338519671038008	HEATR2	-0.6902412789	TRUE	A3
MLKL;A5:chr16:74708998-74709222:74708998-74709253:-	0.0237603343856	2.14	46.32	0.0441601320676847	0.955839867932315	0.911679735864631	0.00971346047819	0.41	46.67	0.00870858113848768	0.991291418861512	0.982582837723025	0.00522317719431	0.69	45.21	0.0150326797385621	0.984967320261438	0.969934640522876	MLKL	0.9547324049	TRUE	A5
PLRG1;A5:chr4:155467365-155468163:155467365-155468190:-	0.96036219951	60.57	1.88	0.969895916733387	0.0301040832666133	-0.939791833466773	0.975716492098	63.71	1.1	0.983027310600216	0.016972689399784	-0.966054621200432	0.964614058999	67.15	2.42	0.965214891476211	0.034785108523789	-0.930429782952422	PLRG1	-0.9454254124	TRUE	A5
MRPL21;A5:chr11:68665480-68668003:68665480-68668016:-	0.081805519179	14.81	179.73	0.0761283026626915	0.923871697337309	0.847743394674617	0.0883965494431	15.8	178.49	0.0813217355499511	0.918678264450049	0.837356528900098	0.0477643733264	8.7	182.34	0.0455402010050251	0.954459798994975	0.90891959798995	MRPL21	0.864673173966667	TRUE	A5
CRTC3;A3:chr15:91184431-91185164:91184431-91185167:+	0.744502353586	7.24	2.52	0.741803278688525	0.258196721311475	-0.483606557377049	0.708997442692	7.58	3.14	0.707089552238806	0.292910447761194	-0.414179104477612	0.606542452106	5.6	3.68	0.603448275862069	0.396551724137931	-0.206896551724138	CRTC3	-0.3682274045	TRUE	A3
TMEM55B;A5:chr14:20929004-20929322:20929004-20929343:-	0.598460539008	13.08	10.23	0.561132561132561	0.438867438867439	-0.122265122265122	0.691942838982	13.33	6.38	0.676306443429731	0.323693556570269	-0.352612886859462	0.678667280372	16.71	8.47	0.663621922160445	0.336378077839555	-0.32724384432089	TMEM55B	-0.267373950966667	TRUE	A5
RPL6;A5:chr12:112846460-112847215:112846460-112847391:-	0.117263015303	333.71	3409.8	0.0891436112098004	0.9108563887902	0.821712777580399	0.129783993813	327.97	3181.57	0.0934509935775059	0.906549006422494	0.813098012844988	0.116256932337	308.46	3235.03	0.0870497729639423	0.912950227036058	0.825900454072115	RPL6	0.8202370816	TRUE	A5
TBC1D10A;A3:chr22:30700640-30722662:30700619-30722662:-	0	0	9.48	0	1	1	0	0	7.68	0	1	1	0	0	8.08	0	1	1	TBC1D10A	1	TRUE	A3
CAAP1;A5:chr9:26887511-26892257:26887511-26892411:-	0.126228935227	1.92	18.59	0.0936128717698684	0.906387128230132	0.812774256460263	0.110028599429	2	21.72	0.0843170320404722	0.915682967959528	0.831365935919056	0.142501696107	2.78	20.9	0.117398648648649	0.882601351351351	0.765202702702703	CAAP1	0.8031142983	TRUE	A5
SLC35B1;A3:chr17:47783696-47784327:47783671-47784327:-	0.739287130017	60.2	22.39	0.728901804092505	0.271098195907495	-0.45780360818501	0.682250505045	52.1	22.95	0.694203864090606	0.305796135909394	-0.388407728181213	0.785536386715	58.68	15.07	0.795661016949153	0.204338983050847	-0.591322033898305	SLC35B1	-0.479177790066667	TRUE	A3
LDHD;A3:chr16:75148132-75148424:75148063-75148424:-	0	0	0.51	0	1	1	0	0	0.34	0	1	1	0	0	0.66	0	1	1	LDHD	1	TRUE	A3
TIGD6;A5:chr5:149375992-149379491:149375992-149380037:-	0.649777038216	1.26	0.55	0.696132596685083	0.303867403314917	-0.392265193370166	0.790211474591	1.23	0.34	0.78343949044586	0.21656050955414	-0.56687898089172	0.894900450994	1.41	0.28	0.834319526627219	0.165680473372781	-0.668639053254438	TIGD6	-0.542594408966667	TRUE	A5
PWWP2B;A5:chr10:134219793-134230565:134219490-134230565:+	0.660751116665	10.14	6.44	0.611580217129071	0.388419782870929	-0.223160434258142	0.604904187322	9.61	5.95	0.617609254498715	0.382390745501285	-0.235218508997429	0.704816914594	10.07	4.73	0.680405405405405	0.319594594594595	-0.360810810810811	PWWP2B	-0.273063251333333	TRUE	A5
SUMO3;A5:chr21:46229033-46233777:46229033-46233891:-	0.00247512344789	0.51	242.36	0.00209988882941491	0.997900111170585	0.99580022234117	0.00359113256736	0.94	277.48	0.00337619423891962	0.99662380576108	0.993247611522161	0.0042720844102	0.95	266.82	0.00354782089106323	0.996452179108937	0.992904358217874	SUMO3	0.993984063833333	TRUE	A5
NUPR1;A3:chr16:28549530-28550117:28549476-28550117:-	0	0	0.38	0	1	1	0	0	0.39	0	1	1	0	0	0.48	0	1	1	NUPR1	1	TRUE	A3
NARS2;A5:chr11:78282489-78285393:78282489-78285874:-	1	16.92	1.07	0.940522512506948	0.0594774874930517	-0.881045025013897	1	17.28	1.74	0.908517350157729	0.0914826498422713	-0.817034700315458	1	12.12	4.73	0.719287833827893	0.280712166172107	-0.438575667655786	NARS2	-0.712218464433333	TRUE	A5
SUPT4H1;A5:chr17:56428869-56429426:56428869-56429428:-	0.19988788952	25.98	103.42	0.200772797527048	0.799227202472952	0.598454404945904	0.129269439223	16.46	110.04	0.130118577075099	0.869881422924901	0.739762845849802	0.143896827716	19.84	116.94	0.145050445971633	0.854949554028367	0.709899108056733	SUPT4H1	0.682705452933333	TRUE	A5
ALDH18A1;A5:chr10:97392806-97393248:97392806-97393254:-	0.828207442222	64.93	13.41	0.828823078886903	0.171176921113097	-0.657646157773807	0.828092730419	66.41	13.84	0.827538940809969	0.172461059190031	-0.655077881619938	0.839247206643	67.46	13.67	0.831504991988167	0.168495008011833	-0.663009983976334	ALDH18A1	-0.658578007866667	TRUE	A5
MCM2;A3:chr3:127323626-127323720:127323626-127323739:+	0	0	86.4	0	1	1	0	0	88.54	0	1	1	0	0	84.25	0	1	1	MCM2	1	TRUE	A3
SLC16A1;A5:chr1:113471974-113497898:113471974-113498657:-	0	0	0.32	0	1	1	0	0	0.23	0	1	1	0	0.02	0.41	0.0465116279069767	0.953488372093023	0.906976744186046	SLC16A1	0.968992248	TRUE	A5
RPS15A;A5:chr16:18800440-18801566:18800440-18801632:-	0.123711768272	203.44	1898.54	0.0967849361078602	0.90321506389214	0.80643012778428	0.135329133537	225.36	1899.57	0.106055258290861	0.893944741709139	0.787889483418277	0.131242173301	210.23	1842.51	0.102414334012101	0.897585665987899	0.795171331975798	RPS15A	0.796496981133333	TRUE	A5
MCM10;A3:chr10:13214480-13214625:13214480-13214628:+	0.213146793593	5.22	19.1	0.214638157894737	0.785361842105263	0.570723684210526	0.206080389654	5.95	23.07	0.205031013094418	0.794968986905582	0.589937973811165	0.17613231959	4.65	21.95	0.174812030075188	0.825187969924812	0.650375939849624	MCM10	0.603679199266667	TRUE	A3
TRIM24;A5:chr7:138239711-138252226:138239609-138252226:+	0.781929427053	8.5	4	0.68	0.32	-0.36	0.711498134204	10.12	4.99	0.669755129053607	0.330244870946393	-0.339510258107214	0.678223017508	9.2	5.85	0.611295681063123	0.388704318936877	-0.222591362126246	TRIM24	-0.3073672067	TRUE	A5
LOC101928710;A3:chr17:76615126-76620274:76613708-76620274:-	0	0	0.11	0	1	1	0	0	0.46	0	1	1	0	0	0.42	0	1	1	LOC101928710	1	TRUE	A3
ECI1;A5:chr16:2293225-2293319:2293225-2293370:-	0.990149829125	30.78	0	1	0	-1	0.980401282311	31.05	0.67	0.978877679697352	0.0211223203026482	-0.957755359394704	0.973247486239	25.06	0.8	0.969064191802011	0.0309358081979892	-0.938128383604022	ECI1	-0.965294581133333	TRUE	A5
ATXN7L3;A3:chr17:42273468-42273764:42273447-42273764:-	0.143346132372	4.73	30.32	0.134950071326676	0.865049928673324	0.730099857346648	0.195991888042	5.75	27.47	0.17308850090307	0.82691149909693	0.653822998193859	0.133028437545	4.31	29.67	0.126839317245438	0.873160682754561	0.746321365509123	ATXN7L3	0.710081407066667	TRUE	A3
C1orf131;A3:chr1:231364955-231374603:231364952-231374603:-	0.564597206144	7.76	6.04	0.56231884057971	0.43768115942029	-0.12463768115942	0.683285130845	8.95	4.2	0.680608365019011	0.319391634980989	-0.361216730038023	0.607558089433	9.37	6.86	0.577325939617991	0.422674060382009	-0.154651879235983	C1orf131	-0.213502096666667	TRUE	A3
GAREM;A3:chr18:29848731-29850180:29848728-29850180:-	0.329095656486	0.54	1.11	0.327272727272727	0.672727272727273	0.345454545454545	0.248397740528	0.5	1.53	0.246305418719212	0.753694581280788	0.507389162561576	0.49237971696	0.78	0.85	0.478527607361963	0.521472392638037	0.0429447852760735	GAREM	0.2985961642	TRUE	A3
MTMR11;A3:chr1:149907598-149908047:149907513-149908047:-	0.9495168	7.31	0.49	0.9371795	0.06282051	-0.874359	1	7.98	0	1	0	-1	1	8.95	0	1	0	-1	MTMR11	-0.9581197	TRUE	A3
PSENEN;A3:chr19:36236601-36236736:36236601-36236774:+	0.964057724712	67.23	2.3	0.966920753631526	0.033079246368474	-0.933841507263052	0.93183661765	55.17	4.29	0.927850655903128	0.0721493440968718	-0.855701311806256	0.961481602838	64.22	2.78	0.958507462686567	0.0414925373134328	-0.917014925373134	PSENEN	-0.9021859146	TRUE	A3
PCED1A;A3:chr20:2819728-2819838:2819575-2819838:-	0.7889177	7.27	2.36	0.7549325	0.2450675	-0.509865	0.7182937	6.72	3.44	0.6614173	0.3385827	-0.3228346	0.6014441	6.09	4.93	0.5526316	0.4473684	-0.1052632	PCED1A	-0.3126543	TRUE	A3
UGGT1;A5:chr2:128849170-128855003:128848989-128855003:+	0.112538205833	1.6	18.12	0.0811359026369168	0.918864097363083	0.837728194726166	0.252578880326	4.66	19.85	0.190126478988168	0.809873521011832	0.619747042023664	0.300186188464	4.72	15.99	0.227909222597779	0.772090777402221	0.544181554804442	UGGT1	0.667218930666667	TRUE	A5
FBXW8;A5:chr12:117349160-117365828:117348962-117365828:+	0.182150482096	1.38	6.08	0.184986595174263	0.815013404825737	0.630026809651475	0.379622377553	1.89	5.26	0.264335664335664	0.735664335664336	0.471328671328671	0.137678608882	0.9	6.43	0.122783083219645	0.877216916780355	0.754433833560709	FBXW8	0.618596438433333	TRUE	A5
LRRC16A;A3:chr6:25605121-25606289:25605121-25606307:+	1	3	0	1	0	-1	0.862781718375	3.48	0.56	0.861386138613861	0.138613861386139	-0.722772277227723	0.724156667923	3.42	1.26	0.730769230769231	0.269230769230769	-0.461538461538462	LRRC16A	-0.728103579733333	TRUE	A3
GHDC;A3:chr17:40342377-40342642:40342288-40342642:-	0.104382619104	1.93	20.09	0.0876475930971844	0.912352406902816	0.824704813805631	0.140696325362	2.39	18.17	0.11624513618677	0.88375486381323	0.767509727626459	0.157363112759	1.63	19.33	0.0777671755725191	0.922232824427481	0.844465648854962	GHDC	0.8122267302	TRUE	A3
PPME1;A3:chr11:73950301-73957079:73950301-73957121:+	0.0287968126719	1.91	72.52	0.0256616955528685	0.974338304447132	0.948676608894263	0.0464108156389	3.28	73.62	0.0426527958387516	0.957347204161248	0.914694408322497	0.0413296282768	2.77	73.07	0.0365242616033755	0.963475738396624	0.926951476793249	PPME1	0.9301074981	TRUE	A3
ELF1;A3:chr13:41524109-41525465:41524037-41525465:-	0.98131378747	15.32	0.44	0.972081218274112	0.0279187817258883	-0.944162436548223	0.976911058328	19.41	1.27	0.938588007736944	0.0614119922630561	-0.877176015473888	0.98853427207	19.87	0.34	0.983176645225136	0.0168233547748639	-0.966353290450272	ELF1	-0.929230580833333	TRUE	A3
MAN1C1;A3:chr1:26109191-26110154:26109191-26110335:+	1	0.13	0	1	0	-1	0	0	0.22	0	1	1	0	0	0.11	0	1	1	MAN1C1	0.333333333333333	TRUE	A3
LOC100506990;A3:chr8:12296020-12298478:12296020-12298509:+	0.0929139	0.15	4.69	0.03099174	0.9690083	0.9380165	0.2526722	0.38	3.98	0.08715596	0.912844	0.8256881	0.2024394	0.48	4.32	0.1	0.9	0.8	LOC100506990	0.8545682	TRUE	A3
BRD7;A3:chr16:50354688-50355893:50354685-50355893:-	0.220163395174	12.9	46.54	0.217025572005384	0.782974427994616	0.565948855989233	0.168439842714	11.09	53.35	0.172098075729361	0.827901924270639	0.655803848541279	0.143890656705	8.91	53.73	0.142241379310345	0.857758620689655	0.71551724137931	BRD7	0.6457566485	TRUE	A3
TMEM107;A3:chr17:8079193-8079277:8079175-8079277:-	0.117636415144	0.33	5.29	0.0587188612099644	0.941281138790036	0.882562277580071	0	0	5.35	0	1	1	0.0661856968666	0.33	5.42	0.0573913043478261	0.942608695652174	0.885217391304348	TMEM107	0.922593223	TRUE	A3
GORASP2;A5:chr2:171785913-171804860:171785070-171804860:+	0.14336593171	12.29	105.49	0.104347087790796	0.895652912209204	0.791305824418407	0.160067409053	14.55	117.76	0.109969012168392	0.890030987831608	0.780061975663215	0.137091978635	13.69	123.6	0.0997159297836696	0.90028407021633	0.800568140432661	GORASP2	0.790645313233333	TRUE	A5
SYDE1;A3:chr19:15218332-15219867:15218332-15220068:+	0.915064175246	47.98	8.21	0.853888592276206	0.146111407723794	-0.707777184552411	0.906558347486	47.04	8.21	0.851402714932127	0.148597285067873	-0.702805429864253	0.947365093965	49.63	6.92	0.87763041556145	0.12236958443855	-0.7552608311229	SYDE1	-0.7219478153	TRUE	A3
GPNMB;A3:chr7:23300392-23306100:23300392-23306136:+	0	0	0.63	0	1	1	0	0	0.41	0	1	1	0	0	0.82	0	1	1	GPNMB	1	TRUE	A3
GEM;A5:chr8:95272740-95274318:95272740-95274433:-	0.952206458726	17.02	1.34	0.927015250544662	0.0729847494553377	-0.854030501089325	0.735011767935	14.58	7.95	0.647137150466045	0.352862849533955	-0.294274300932091	0.822967721894	17.92	5.25	0.773413897280967	0.226586102719033	-0.546827794561934	GEM	-0.565044198966667	TRUE	A5
LYSMD1;A5:chr1:151134576-151137555:151134576-151138223:-	0.799524911464	2.44	0.31	0.887272727272727	0.112727272727273	-0.774545454545454	0.749828306026	2.22	1.19	0.651026392961877	0.348973607038123	-0.302052785923754	0.607155734904	1.75	0.94	0.650557620817844	0.349442379182156	-0.301115241635688	LYSMD1	-0.459237827633333	TRUE	A5
TMEM219;A3:chr16:29973453-29974428:29973453-29974431:+	0.477683485221	32.7	38.66	0.458239910313901	0.541760089686099	0.0835201793721972	0.370502566738	21.39	37.98	0.360282971197575	0.639717028802425	0.279434057604851	0.359182499802	25.57	45.97	0.357422421023204	0.642577578976796	0.285155157953592	TMEM219	0.216036464866667	TRUE	A3
TBCEL;A5:chr11:120895000-120916383:120894863-120916383:+	0.231666770244	1.89	4.19	0.310855263157895	0.689144736842105	0.378289473684211	0.753459797638	4.57	3.77	0.547961630695444	0.452038369304556	-0.0959232613908873	0.278116329968	1.79	5.65	0.240591397849462	0.759408602150538	0.518817204301075	TBCEL	0.267061138866667	TRUE	A5
HSD17B10;A5:chrX:53458542-53458746:53458542-53458773:-	0.99066843928	135.55	1.41	0.989705023364486	0.010294976635514	-0.979410046728972	0.98834455347	123.62	0.81	0.993490315840231	0.00650968415976854	-0.986980631680463	0.957643490009	114.56	5.43	0.954746228852404	0.0452537711475956	-0.909492457704809	HSD17B10	-0.958627712233333	TRUE	A5
SKA1;A5:chr18:47901609-47902190:47901564-47902190:+	0.375445021254	4.6	8.99	0.338484179543782	0.661515820456218	0.323031640912436	0.316428069593	4.27	9.95	0.30028129395218	0.69971870604782	0.39943741209564	0.262232754505	3.41	12.02	0.22099805573558	0.77900194426442	0.55800388852884	SKA1	0.426824314033333	TRUE	A5
PCBP3;A3:chr21:47337543-47349831:47337543-47349834:+	0.8128718	2.75	0.34	0.8899676	0.1100324	-0.7799353	0.5962494	1.33	0.94	0.5859031	0.4140969	-0.1718062	0.7895075	1.83	0.26	0.8755981	0.1244019	-0.7511962	PCBP3	-0.5676459	TRUE	A3
KLHL4;A3:chrX:86919935-86921475:86919935-86924329:+	0.394974228948	8.93	16.51	0.351022012578616	0.648977987421384	0.297955974842767	0.294655907868	10.33	27.99	0.269572025052192	0.730427974947808	0.460855949895616	0.341596232079	10.14	24.02	0.296838407494145	0.703161592505855	0.40632318501171	KLHL4	0.388378369966667	TRUE	A3
REV1;A3:chr2:100046410-100050794:100046407-100050794:-	0.652876071449	3.39	1.84	0.648183556405354	0.351816443594646	-0.296367112810707	0.999999841641	5.84	0	1	0	-1	0.389345728593	1.37	4.51	0.232993197278912	0.767006802721088	0.534013605442177	REV1	-0.254117836	TRUE	A3
HYOU1;A5:chr11:118926879-118927731:118926879-118927864:-	0.299520102994	44.04	141.32	0.237591713422529	0.762408286577471	0.524816573154942	0.286367578014	45.67	154.59	0.228053530410466	0.771946469589534	0.543892939179067	0.243687965625	37.18	163.99	0.184818809961724	0.815181190038276	0.630362380076552	HYOU1	0.5663572974	TRUE	A5
FST;A3:chr5:52781057-52781517:52781057-52781781:+	0.233492015129	6.54	22.28	0.226925746009715	0.773074253990285	0.546148507980569	0.260251050916	9.26	23.8	0.280096793708409	0.719903206291591	0.439806412583182	0.266892464616	7.71	23.57	0.246483375959079	0.753516624040921	0.507033248081841	FST	0.497662722866667	TRUE	A3
SCARF2;A3:chr22:20783642-20783823:20783627-20783823:-	1.70313799378e-05	0	0.2	0	1	1	1.52143235081e-05	0	0.24	0	1	1	0.496250502865	0.08	0.09	0.470588235294118	0.529411764705882	0.0588235294117647	SCARF2	0.686274509666667	TRUE	A3
TFDP1;A5:chr13:114292211-114294435:114292199-114294435:+	0.9158866	99.07	11.31	0.8975358	0.1024642	-0.7950716	0.9182594	112.87	11.87	0.9048421	0.09515793	-0.8096841	0.912707	116.52	12.84	0.9007421	0.09925788	-0.8014842	TFDP1	-0.80208	TRUE	A5
RAB5A;A3:chr3:19992553-20017093:19992553-20017135:+	1	81.76	0	1	0	-1	1	96.22	0.5	0.994830438378825	0.00516956162117452	-0.989660876757651	0.995668633259	96.97	0.51	0.994768157570784	0.00523184242921625	-0.989536315141567	RAB5A	-0.9930657306	TRUE	A3
CAND2;A3:chr3:12861680-12866969:12861680-12867041:+	0	0	0.31	0	1	1	0	0	0.26	0	1	1	0	0	0.18	0	1	1	CAND2	1	TRUE	A3
DHX16;A5:chr6:30639051-30640412:30639051-30640733:-	0.861657517302	32.06	11.53	0.735489791236522	0.264510208763478	-0.470979582473044	0.800545202317	30.71	15.47	0.665006496318753	0.334993503681247	-0.330012992637505	0.789680895554	28.75	17.5	0.621621621621622	0.378378378378378	-0.243243243243243	DHX16	-0.348078605866667	TRUE	A5
PPP1R3F;A3:chrX:49137924-49138444:49137924-49138447:+	0.923489	2.33	0	1	0	-1	0.8421603	2.24	0.41	0.845283	0.154717	-0.690566	0.9368555	2.24	0.25	0.8995984	0.1004016	-0.7991968	PPP1R3F	-0.8299209	TRUE	A3
DHCR7;A5:chr11:71158780-71159336:71158780-71159359:-	0.957176066799	95.7	4.43	0.955757515230201	0.0442424847697993	-0.911515030460401	0.935039077767	98.38	7.44	0.92969192969193	0.0703080703080703	-0.859383859383859	0.936129793541	97.18	7.8	0.925700133358735	0.074299866641265	-0.85140026671747	DHCR7	-0.8740997188	TRUE	A5
ARPC5;A3:chr1:183602298-183604652:183602289-183604652:-	0.000855749339679	0.25	285.62	0.000874523384755308	0.999125476615245	0.998250953230489	0	0	299.88	0	1	1	0.0013677939384	0.4	287	0.00139178844815588	0.998608211551844	0.997216423103688	ARPC5	0.998489125333333	TRUE	A3
PCMTD2;A3:chr20:62896782-62899240:62896782-62899321:+	0.916665372119	4.96	0.58	0.895306859205776	0.104693140794224	-0.790613718411552	0.948307556325	6.86	0.42	0.942307692307692	0.0576923076923077	-0.884615384615385	0.894609353806	6.28	0.81	0.885754583921016	0.114245416078985	-0.771509167842031	PCMTD2	-0.815579423533333	TRUE	A3
SYAP1;A3:chrX:16738022-16753350:16738022-16753388:+	0.958527919612	30.31	1.39	0.95615141955836	0.0438485804416404	-0.912302839116719	0.983138415517	31.07	0.57	0.981984829329962	0.0180151706700379	-0.963969658659924	0.995233478855	33.38	0.17	0.994932935916542	0.00506706408345753	-0.989865871833085	SYAP1	-0.955379456566667	TRUE	A3
SCYL1;A3:chr11:65304221-65304457:65304221-65304508:+	0.661750020576	41.93	22.51	0.650682805710739	0.349317194289261	-0.301365611421477	0.71292529493	42.81	19.25	0.689816306799871	0.310183693200129	-0.379632613599742	0.681484852443	42.25	20.31	0.675351662404092	0.324648337595908	-0.350703324808184	SCYL1	-0.343900516533333	TRUE	A3
SERPINI1;A5:chr3:167453923-167506899:167453611-167506899:+	0	0	0.17	0	1	1	0	0	0.29	0	1	1	0	0	0.38	0	1	1	SERPINI1	1	TRUE	A5
KREMEN1;A5:chr22:29534821-29536270:29534770-29536270:+	0.0289962334595	0.14	3.43	0.0392156862745098	0.96078431372549	0.92156862745098	0.0914651615222	0.38	4.05	0.0857787810383747	0.914221218961625	0.828442437923251	0.0527832666779	0.19	3.66	0.0493506493506494	0.950649350649351	0.901298701298701	KREMEN1	0.883769921966667	TRUE	A5
HSPG2;A3:chr1:22211170-22211260:22211167-22211260:-	1.11552751926e-07	0	2.77	0	1	1	0.394109416837	1.6	1.68	0.48780487804878	0.512195121951219	0.0243902439024389	0	0	2.68	0	1	1	HSPG2	0.674796747966667	TRUE	A3
ZNF417;A3:chr19:58423557-58427747:58423554-58427747:-	0	0.53	0	1	0	-1	0	0	0.69	0	1	1	0.829540600956	0.43	0.02	0.955555555555555	0.0444444444444444	-0.911111111111111	ZNF417	-0.303703703666667	TRUE	A3
NFRKB;A3:chr11:129754777-129755330:129754741-129755330:-	0.25360788405	2.04	7.03	0.224917309812569	0.775082690187431	0.550165380374862	0.162834264401	1.46	7.74	0.158695652173913	0.841304347826087	0.682608695652174	0.156668876599	1.61	7.41	0.178492239467849	0.821507760532151	0.643015521064302	NFRKB	0.6252631989	TRUE	A3
PCSK9;A5:chr1:55523882-55524172:55523830-55524172:+	1	23.47	2.28	0.911456310679612	0.0885436893203883	-0.822912621359223	1	23.29	2.82	0.891995404059747	0.108004595940253	-0.783990808119494	1	24.38	0.01	0.999589995899959	0.000410004100041	-0.999179991799918	PCSK9	-0.8686944737	TRUE	A5
GCAT;A3:chr22:38204170-38205956:38204170-38206034:+	0.0355114553144	0.95	20.91	0.0434583714547118	0.956541628545288	0.913083257090576	0.133498948392	2.51	14.82	0.144835545297173	0.855164454702828	0.710328909405655	0.00700226471286	0.56	18.68	0.0291060291060291	0.970893970893971	0.941787941787942	GCAT	0.8550667028	TRUE	A3
CUL7;A5:chr6:43019501-43019851:43019501-43019947:-	0.1098768	0.56	4.96	0.1014493	0.8985507	0.7971014	0.1746156	0.96	4.63	0.1717352	0.8282648	0.6565295	0.06170773	0.36	4.97	0.06754221	0.9324578	0.8649156	CUL7	0.7728488	TRUE	A5
UBR5;A3:chr8:103277506-103279175:103277503-103279175:-	0.791209519375	7.31	1.93	0.791125541125541	0.208874458874459	-0.582251082251082	0.968319738549	12.59	0.41	0.968461538461538	0.0315384615384615	-0.936923076923077	0.915494612602	8.66	0.89	0.906806282722513	0.0931937172774869	-0.813612565445026	UBR5	-0.777595574633333	TRUE	A3
OGT;A3:chrX:70753186-70756028:70753186-70756058:+	0.91531817272	15.56	0.8	0.951100244498778	0.0488997555012225	-0.902200488997555	1	22.3	0	1	0	-1	0.914906832039	18.1	2.37	0.884220810942843	0.115779189057157	-0.768441621885686	OGT	-0.890214037	TRUE	A3
ZBED5;A3:chr11:10876665-10877691:10876633-10877691:-	0.135633733924	1.8	11.54	0.134932533733133	0.865067466266866	0.730134932533733	0.189504423343	2.82	11.8	0.192886456908345	0.807113543091655	0.614227086183311	0.201149611345	3	13.22	0.184956843403206	0.815043156596794	0.630086313193588	ZBED5	0.658149444066667	TRUE	A3
CANX;A5:chr5:179126103-179132680:179126050-179132680:+	0.915923524755	532.47	53.23	0.909117295543794	0.0908827044562062	-0.818234591087587	0.954479761544	702.95	35.5	0.951926332182274	0.0480736678177263	-0.903852664364547	0.934712400399	664.33	47.7	0.93300844065559	0.0669915593444096	-0.866016881311181	CANX	-0.8627013788	TRUE	A5
LINC00888;A5:chr3:183165735-183169866:183165553-183169866:+	0.788417560004	8.75	2.84	0.754961173425367	0.245038826574633	-0.509922346850733	0.939659525396	11.49	0.98	0.921411387329591	0.078588612670409	-0.842822774659182	0.843168010351	10.62	2.37	0.817551963048499	0.182448036951501	-0.635103926096998	LINC00888	-0.662616349233333	TRUE	A5
TBC1D2B;A3:chr15:78290697-78293961:78290645-78293961:-	1	5.35	0.59	0.900673400673401	0.0993265993265993	-0.801346801346801	1	6.11	0	1	0	-1	0.940610313482	6.47	0.44	0.936324167872648	0.0636758321273517	-0.872648335745297	TBC1D2B	-0.891331712333333	TRUE	A3
MYL6B;A3:chr12:56546415-56547593:56546415-56547657:+	0.0444714024544	3.31	109.39	0.0293700088731145	0.970629991126886	0.941259982253771	0.0349554061922	3.12	101.71	0.0297624725746447	0.970237527425355	0.940475054850711	0.0593630578739	3.98	90.59	0.0420852278735328	0.957914772126467	0.915829544252934	MYL6B	0.932521526966667	TRUE	A3
TRIM32;A3:chr9:119449660-119459941:119449660-119459944:+	0.393298404866	4.77	7.42	0.391304347826087	0.608695652173913	0.217391304347826	0.459277897941	6.62	6.87	0.490733876945886	0.509266123054114	0.0185322461082283	0.212932427319	2.86	10.86	0.208454810495627	0.791545189504373	0.583090379008746	TRIM32	0.273004643033333	TRUE	A3
PRPF4;A3:chr9:116038050-116038825:116038050-116038828:+	0.181806488127	12.57	58.15	0.177743212669683	0.822256787330317	0.644513574660633	0.129089607919	10.66	71.65	0.129510387559227	0.870489612440773	0.740979224881545	0.172438457945	13.04	65.74	0.165524244732166	0.834475755267834	0.668951510535669	PRPF4	0.6848147703	TRUE	A3
CLEC16A;A3:chr16:11065087-11066789:11065087-11066795:+	0.6222409	6.22	3.19	0.6609989	0.3390011	-0.3219979	0.5926845	6.8	3.86	0.6378987	0.3621013	-0.2757974	0.5647438	6.2	3.94	0.6114398	0.3885602	-0.2228797	CLEC16A	-0.2735583	TRUE	A3
IDUA;A5:chr4:997417-997800:997413-997800:+	0.00958036248966	0	0.95	0	1	1	1	0.73	0	1	0	-1	0	0	0.59	0	1	1	IDUA	0.333333333333333	TRUE	A5
CD34;A3:chr1:208061463-208062027:208061268-208062027:-	0	0	0.17	0	1	1	0.288405682768	0.08	0.2	0.285714285714286	0.714285714285714	0.428571428571429	0.429217472386	0.16	0.32	0.333333333333333	0.666666666666667	0.333333333333333	CD34	0.5873015872	TRUE	A3
ADAMTS14;A5:chr10:72490014-72492010:72490005-72492010:+	0.0122958195076	0	0.22	0	1	1	0.0128007460927	0	0.17	0	1	1	0.014384072118	0	0.13	0	1	1	ADAMTS14	1	TRUE	A5
MYRF;A3:chr11:61549296-61550970:61549296-61550985:+	0.3542016	0.95	1.74	0.3531599	0.6468401	0.2936803	0.4316581	1.41	1.55	0.4763514	0.5236486	0.0472973	0.2590313	0.77	2.37	0.2452229	0.7547771	0.5095541	MYRF	0.2835106	TRUE	A3
BUD13;A5:chr11:116631668-116633269:116631668-116633671:-	0.990698314062	32.46	0.54	0.983636363636364	0.0163636363636364	-0.967272727272727	1	35.41	0	1	0	-1	1	33.34	0	1	0	-1	BUD13	-0.989090909	TRUE	A5
ILF2;A3:chr1:153641052-153642312:153641033-153642312:-	0.00146481082886	0	496.65	0	1	1	0	0	485.76	0	1	1	0.00156475514916	1.41	499.27	0.00281617000878805	0.997183829991212	0.994367659982424	ILF2	0.998122553333333	TRUE	A3
NUB1;A5:chr7:151071329-151072934:151071287-151072934:+	0.0678666556315	2.25	37.43	0.0567036290322581	0.943296370967742	0.886592741935484	0.11625995372	4.4	37.16	0.105871029836381	0.894128970163619	0.788257940327238	0.0936380023327	3.68	37.73	0.0888674233276986	0.911132576672301	0.822265153344603	NUB1	0.8323719451	TRUE	A5
TOR1AIP1;A3:chr1:179853904-179858445:179853904-179858448:+	0.61600165048	34.52	22.08	0.609893992932862	0.390106007067138	-0.219787985865725	0.593382018663	39.46	27.39	0.590276738967838	0.409723261032162	-0.180553477935677	0.61285094125	42.44	26.8	0.612940496822646	0.387059503177354	-0.225880993645292	TOR1AIP1	-0.2087408193	TRUE	A3
LINC00998;A5:chr7:112758216-112758495:112758216-112758583:-	0.196205054892	9.87	44.83	0.180438756855576	0.819561243144424	0.639122486288848	0.267500635077	11.41	37.7	0.232335573203014	0.767664426796986	0.535328853593973	0.174767980591	7.67	41.73	0.155263157894737	0.844736842105263	0.689473684210526	LINC00998	0.6213083412	TRUE	A5
KRT80;A3:chr12:52565341-52565442:52565306-52565442:-	0.334614607745	22.42	50.13	0.309028256374914	0.690971743625086	0.381943487250172	0.397527094963	29.59	49.7	0.373187034935049	0.626812965064951	0.253625930129903	0.343699726557	26.79	52.74	0.336854017351943	0.663145982648057	0.326291965296115	KRT80	0.3206204607	TRUE	A3
CERS2;A3:chr1:150941607-150947095:150941567-150947095:-	0.0763539100115	21.12	287.95	0.068334034361148	0.931665965638852	0.863331931277704	0.0820357729863	23.13	293.88	0.072962998012681	0.927037001987319	0.854074003974638	0.0682519891554	19.9	301.99	0.0618223616763491	0.938177638323651	0.876355276647302	CERS2	0.864587070666667	TRUE	A3
PRPS2;A5:chrX:12817518-12827353:12817509-12827353:+	0.26579714122	11.66	32.26	0.265482695810565	0.734517304189435	0.469034608378871	0.311157399222	14.48	34.16	0.297697368421053	0.702302631578947	0.404605263157895	0.137231931088	6.54	41.69	0.135600248807796	0.864399751192204	0.728799502384408	PRPS2	0.534146457733333	TRUE	A5
TRPC4AP;A3:chr20:33609159-33622926:33609135-33622926:-	0.74200680613	79.22	31.53	0.715304740406321	0.284695259593679	-0.430609480812641	0.762550690996	76.25	27.37	0.735861802740784	0.264138197259216	-0.471723605481567	0.777593277193	75.96	26.05	0.744632879129497	0.255367120870503	-0.489265758258994	TRPC4AP	-0.4638662815	TRUE	A3
LOC101927780;A5:chr14:62023270-62027461:62023270-62031837:-	0.1038493069	0.24	3.88	0.058252427184466	0.941747572815534	0.883495145631068	0.105628100848	0.23	4.85	0.0452755905511811	0.954724409448819	0.909448818897638	0.0625849612222	0.19	5.41	0.0339285714285714	0.966071428571428	0.932142857142857	LOC101927780	0.908362273966667	TRUE	A5
COPB2;A5:chr3:139102277-139108311:139102277-139108390:-	0.0330359341916	3.25	112.04	0.0281897822881429	0.971810217711857	0.943620435423714	0.0347671559399	3.53	123.96	0.0276884461526394	0.972311553847361	0.944623107694721	0.0423233199302	3.81	117.52	0.0314019615923514	0.968598038407649	0.937196076815297	COPB2	0.941813206566667	TRUE	A5
CSNK2B;A3:chr6:31636949-31637096:31636949-31637105:+	0.998461940451	295.53	0.47	0.998412162162162	0.00158783783783784	-0.996824324324324	0.995213911659	300.88	1.5	0.99503935445466	0.0049606455453403	-0.990078708909319	0.996062188595	340.36	1.38	0.995961842336279	0.00403815766372096	-0.991923684672558	CSNK2B	-0.9929422393	TRUE	A3
MMP24-AS1;A5:chr20:33865735-33865812:33865735-33865849:-	0.377481021529	22.4	43.47	0.340063761955367	0.659936238044633	0.319872476089267	0.397165263926	25.77	42.08	0.379808400884304	0.620191599115696	0.240383198231393	0.402408497771	24.86	42.34	0.369940476190476	0.630059523809524	0.260119047619048	MMP24-AS1	0.273458240733333	TRUE	A5
MED18;A5:chr1:28655691-28657108:28655635-28657108:+	0.862545756977	4.37	0.76	0.851851851851852	0.148148148148148	-0.703703703703704	1	4.46	0	1	0	-1	1	5.6	0	1	0	-1	MED18	-0.901234568	TRUE	A5
ATL3;A5:chr11:63426724-63438762:63426724-63439108:-	1	46.42	0	1	0	-1	0.988107193917	51.88	0.8	0.984813971146545	0.0151860288534548	-0.96962794229309	0.985978152135	49.73	1.04	0.979515461886941	0.0204845381130589	-0.959030923773882	ATL3	-0.9762196221	TRUE	A5
ANKRD26;A3:chr10:27335452-27337730:27335449-27337730:-	0.745337379804	2.02	0.71	0.73992673992674	0.26007326007326	-0.47985347985348	0.663868437527	2.2	1.13	0.660660660660661	0.339339339339339	-0.321321321321321	0.492311638379	1.63	1.71	0.488023952095808	0.511976047904192	0.0239520958083833	ANKRD26	-0.2590742351	TRUE	A3
NDFIP2;A3:chr13:80113910-80117693:80113910-80117753:+	1	16.55	0	1	0	-1	1	19.74	0	1	0	-1	1	19.27	0	1	0	-1	NDFIP2	-1	TRUE	A3
STAP2;A3:chr19:4324664-4325213:4324526-4325213:-	0.150317377404	4.85	30.42	0.137510632265381	0.862489367734619	0.724978735469237	0.0266605061141	4.11	25.28	0.139843484178292	0.860156515821708	0.720313031643416	0.154044749895	4.05	26.68	0.131793036121054	0.868206963878946	0.736413927757891	STAP2	0.727235231533333	TRUE	A3
MKNK2;A3:chr19:2039855-2040133:2037828-2040133:-	0.235593170746	17.68	69.09	0.203757058891322	0.796242941108678	0.592485882217356	0.256864405963	19.73	65.42	0.231708749266001	0.768291250733999	0.536582501467998	0.259869435489	20.51	70.72	0.224816398114655	0.775183601885345	0.550367203770689	MKNK2	0.5598118625	TRUE	A3
MAP4K5;A5:chr14:50998876-50999118:50998876-50999166:-	0.241469303915	4.03	20.05	0.167358803986711	0.832641196013289	0.665282392026578	0.123147800589	3.12	27.33	0.102463054187192	0.897536945812808	0.795073891625616	0.159509082334	4.21	25.34	0.142470389170897	0.857529610829103	0.715059221658206	MAP4K5	0.725138501866667	TRUE	A5
TMEM251;A5:chr14:93651830-93652605:93651377-93652605:+	0.265757270636	15.58	56.11	0.217324591993305	0.782675408006696	0.565350816013391	0.297430119884	14.01	46.67	0.230883322346737	0.769116677653263	0.538233355306526	0.259566333708	13.81	51.23	0.212330873308733	0.787669126691267	0.575338253382534	TMEM251	0.5596408081	TRUE	A5
TAGLN;A5:chr11:117070545-117073718:117070148-117073718:+	0	0	6.31	0	1	1	0	0	5.75	0	1	1	0.0843469361376	0.16	5.04	0.0307692307692308	0.969230769230769	0.938461538461538	TAGLN	0.979487179333333	TRUE	A5
LOC100505666;A3:chr1:155018722-155021745:155018631-155021745:-	0.8063449	2.23	0.97	0.696875	0.303125	-0.39375	0.6645956	1.3	1.16	0.5284553	0.4715447	-0.05691057	0.809703	1.91	0.66	0.7431907	0.2568093	-0.4863813	LOC100505666	-0.3123473	TRUE	A3
OAZ1;A3:chr19:2269743-2271384:2269743-2271390:+	0.977543053206	1075.99	11.87	0.989088669497913	0.0109113305020867	-0.978177338995827	0.972531046003	1029.93	15.49	0.985182988655277	0.0148170113447227	-0.970365977310555	0.962864063711	1013.68	13.51	0.986847613391875	0.0131523866081251	-0.97369522678375	OAZ1	-0.974079514433333	TRUE	A3
MGAT4A;A3:chr2:99242055-99242186:99237968-99242186:-	0.441374590402	0.23	0.03	0.884615384615385	0.115384615384615	-0.769230769230769	0.433351611007	0.32	0.07	0.82051282051282	0.179487179487179	-0.641025641025641	0.505576847925	0.33	0	1	0	-1	MGAT4A	-0.803418803333333	TRUE	A3
CSRNP2;A5:chr12:51470430-51477012:51470430-51477122:-	0.191797730974	1.01	5.5	0.155145929339478	0.844854070660522	0.689708141321045	0.30842322329	1.65	5.26	0.238784370477569	0.761215629522431	0.522431259044862	0.229102233017	1.5	5.86	0.203804347826087	0.796195652173913	0.592391304347826	CSRNP2	0.601510234666667	TRUE	A5
DDX49;A3:chr19:19030665-19031389:19030665-19031460:+	0.955314494287	51.75	3.04	0.944515422522358	0.0554845774776419	-0.889030845044716	0.976402933358	48.47	1.48	0.97037037037037	0.0296296296296296	-0.940740740740741	0.975467079416	50	1.5	0.970873786407767	0.029126213592233	-0.941747572815534	DDX49	-0.923839719566667	TRUE	A3
PEX10;A3:chr1:2338394-2339891:2338334-2339891:-	0.0604806513654	0.78	14.35	0.0515532055518837	0.948446794448116	0.896893588896233	0.029159794905	0	12.38	0	1	1	0.0674445340536	0	14.31	0	1	1	PEX10	0.965631196333333	TRUE	A3
ZNF444;A3:chr19:56669971-56670993:56669971-56670996:+	0.76232701813	10.13	3.18	0.761081893313298	0.238918106686702	-0.522163786626597	0.873432918449	12.4	1.81	0.872624912033779	0.127375087966221	-0.745249824067558	0.797747925308	11	2.93	0.789662598707825	0.210337401292175	-0.57932519741565	ZNF444	-0.6155796027	TRUE	A3
CENPK;A5:chr5:64850773-64857290:64850773-64857324:-	0.695668925249	18.63	9.63	0.659235668789809	0.340764331210191	-0.318471337579618	0.652704518312	19.16	10.8	0.639519359145527	0.360480640854473	-0.279038718291055	0.6313950539	17.43	11.66	0.599174974217944	0.400825025782056	-0.198349948435889	CENPK	-0.2652866681	TRUE	A5
PHACTR1;A5:chr6:12717975-12718931:12717785-12718931:+	0	0	4.63	0	1	1	0.0640867188966	0.33	7.01	0.0449591280653951	0.955040871934605	0.91008174386921	0	0	5.71	0	1	1	PHACTR1	0.970027247966667	TRUE	A5
BTF3;A5:chr5:72794624-72794959:72794383-72794959:+	0.0475455601442	80.88	2116.77	0.0368029486041908	0.963197051395809	0.926394102791618	0.0409636694655	66.24	2104.63	0.0305131122545339	0.969486887745466	0.938973775490932	0.0376420576359	63.02	2107.6	0.0290331794602464	0.970966820539754	0.941933641079507	BTF3	0.935767173166667	TRUE	A5
RPUSD2;A5:chr15:40862142-40863803:40861959-40863803:+	1	8.72	0	1	0	-1	1	8.7	0	1	0	-1	1	7.92	0	1	0	-1	RPUSD2	-1	TRUE	A5
ZNF546;A5:chr19:40504317-40512003:40504239-40512003:+	0	0	0.32	0	1	1	0	0	0.41	0	1	1	1	0.31	0.15	0.673913043478261	0.326086956521739	-0.347826086956522	ZNF546	0.550724637666667	TRUE	A5
LOH12CR1;A5:chr12:12510443-12514140:12510052-12514140:+	0.928629068293	4.66	0.47	0.908382066276803	0.0916179337231969	-0.816764132553606	1	5.01	0.33	0.938202247191011	0.0617977528089888	-0.876404494382022	0.830347850436	4.47	0.77	0.853053435114504	0.146946564885496	-0.706106870229008	LOH12CR1	-0.799758499133333	TRUE	A5
ERAP2;A5:chr5:96212231-96215268:96211794-96215268:+	0.210887330407	0.2	0.74	0.212765957446809	0.787234042553192	0.574468085106383	0.401735887657	0.42	0.77	0.352941176470588	0.647058823529412	0.294117647058824	0.348423029282	0.51	0.57	0.472222222222222	0.527777777777778	0.0555555555555555	ERAP2	0.308047096033333	TRUE	A5
HNRNPH1;A5:chr5:179050165-179050596:179050165-179050637:-	0.320715661289	93.97	209.92	0.309223732271546	0.690776267728454	0.381552535456909	0.343264976519	113.78	224.36	0.336487845271189	0.663512154728811	0.327024309457621	0.289671090594	95.4	237.38	0.28667588196406	0.71332411803594	0.426648236071879	HNRNPH1	0.378408360166667	TRUE	A5
KIAA0922;A3:chr4:154504824-154505987:154504824-154505990:+	0.745825933519	5.41	2.11	0.719414893617021	0.280585106382979	-0.438829787234043	0.782038324611	6.85	1.94	0.77929465301479	0.22070534698521	-0.558589306029579	0.72899464867	6.57	2.45	0.728381374722838	0.271618625277162	-0.456762749445676	KIAA0922	-0.484727280666667	TRUE	A3
CEP44;A5:chr4:175205212-175219117:175205094-175219117:+	0.0763510269958	0.19	2.02	0.085972850678733	0.914027149321267	0.828054298642534	0.0529497409549	0.18	2.74	0.0616438356164383	0.938356164383562	0.876712328767123	0.0633758181813	0.23	3.03	0.0705521472392638	0.929447852760736	0.858895705521472	CEP44	0.854554111266667	TRUE	A5
SH3BP5;A3:chr3:15345806-15372011:15345738-15372011:-	0	0	15.38	0	1	1	0	0	18.01	0	1	1	0	0	15.92	0	1	1	SH3BP5	1	TRUE	A3
ATG101;A5:chr12:52464026-52464138:52463855-52464138:+	0.934983698231	85.81	10.82	0.888026492807617	0.111973507192383	-0.776052985615233	0.945353005354	83.03	10.27	0.889924973204716	0.110075026795284	-0.779849946409432	0.940326653979	78.62	9.67	0.890474572431759	0.109525427568241	-0.780949144863518	ATG101	-0.778950692466667	TRUE	A5
WNK3;A5:chrX:54264905-54265301:54264905-54265442:-	0.4427975	0.12	0.33	0.2666667	0.7333333	0.4666667	0.1373999	0	0.75	0	1	1	0	0	0.46	0	1	1	WNK3	0.8222222	TRUE	A5
CNTROB;A5:chr17:7852003-7852403:7851937-7852403:+	0.0732256820313	1.91	22.85	0.077140549273021	0.922859450726979	0.845718901453958	0.0695964290845	1.89	21.36	0.0812903225806452	0.918709677419355	0.83741935483871	0.108446013965	2.23	21.69	0.0932274247491639	0.906772575250836	0.813545150501672	CNTROB	0.832227802266667	TRUE	A5
TNRC6C;A5:chr17:76047538-76060803:76047529-76060803:+	0.6129181	0.6	0.33	0.6451613	0.3548387	-0.2903226	0.3183146	0.33	0.69	0.3235294	0.6764706	0.3529412	0.1730484	0.18	0.84	0.1764706	0.8235294	0.6470588	TNRC6C	0.2365591	TRUE	A5
RRAGC;A3:chr1:39322754-39325082:39322652-39325082:-	1	23.77	0	1	0	-1	0.989994573208	25.06	0.29	0.988560157790927	0.011439842209073	-0.977120315581854	1	26.31	0	1	0	-1	RRAGC	-0.992373438533333	TRUE	A3
HCN3;A3:chr1:155253926-155254330:155253926-155254463:+	1	0.8	0	1	0	-1	1	0.83	0	1	0	-1	1	0.65	0	1	0	-1	HCN3	-1	TRUE	A3
PHF10;A3:chr6:170118002-170118884:170117996-170118884:-	0.806669025368	21.74	5.46	0.799264705882353	0.200735294117647	-0.598529411764706	0.765056007165	22.18	7.27	0.753140916808149	0.246859083191851	-0.506281833616299	0.759985717195	22.05	6.98	0.759559076817086	0.240440923182914	-0.519118153634172	PHF10	-0.541309799866667	TRUE	A3
RPL14;A5:chr3:40498965-40499381:40498854-40499381:+	0.0187121497654	39.61	2218.16	0.0175438596491228	0.982456140350877	0.964912280701754	0.019270986093	35.78	2040.39	0.0172336562034901	0.98276634379651	0.96553268759302	0.0154333986408	29.76	2074.32	0.0141439488992814	0.985856051100719	0.971712102201437	RPL14	0.9673856902	TRUE	A5
ZNF669;A5:chr1:247265415-247267241:247265415-247267499:-	0.121983643161	0.46	4.15	0.0997830802603037	0.900216919739696	0.800433839479393	0.0838819107443	0.31	4.55	0.0637860082304527	0.936213991769547	0.872427983539095	0.0346987593758	0.15	5.17	0.0281954887218045	0.971804511278195	0.943609022556391	ZNF669	0.8721569485	TRUE	A5
ARPC1A;A3:chr7:98931040-98935804:98931040-98935806:+	1	202.72	0	1	0	-1	1	200.33	0	1	0	-1	1	199.17	0	1	0	-1	ARPC1A	-1	TRUE	A3
ENTPD4;A5:chr8:23297428-23299082:23297428-23299106:-	0.810385330306	2.8	0.68	0.804597701149425	0.195402298850575	-0.60919540229885	0.80724266734	3.18	1.11	0.741258741258741	0.258741258741259	-0.482517482517482	0.999999997315	3.91	0	1	0	-1	ENTPD4	-0.697237628166667	TRUE	A5
NUDT12;A5:chr5:102895169-102895744:102895169-102895798:-	0.951996291491	5.35	0.31	0.945229681978799	0.0547703180212014	-0.890459363957597	0.926692550648	5.65	0.53	0.914239482200647	0.0857605177993527	-0.828478964401294	0.954231282361	6.38	0.36	0.946587537091988	0.0534124629080119	-0.893175074183976	NUDT12	-0.870704467466667	TRUE	A5
SRPK1;A3:chr6:35858818-35888245:35858790-35888245:-	0.0397652917188	2.15	71.15	0.029331514324693	0.970668485675307	0.941336971350614	0.0488420279828	3.94	84.55	0.044524805062719	0.955475194937281	0.910950389874562	0.050130774895	3.39	79.51	0.0408926417370326	0.959107358262967	0.918214716525935	SRPK1	0.923500692633333	TRUE	A3
MECR;A3:chr1:29543324-29557243:29543197-29557243:-	0.242639384856	2.48	9.71	0.203445447087777	0.796554552912223	0.593109105824446	0.32600601936	2.94	8.53	0.256320836965998	0.743679163034002	0.487358326068003	0.218849113515	1.91	8.08	0.191191191191191	0.808808808808809	0.617617617617618	MECR	0.566028350033333	TRUE	A3
PRG2;A5:chr11:57156181-57156483:57156181-57156516:-	1	2.14	0	1	0	-1	1	1.7	0	1	0	-1	0.733369935755	1.07	0	1	0	-1	PRG2	-1	TRUE	A5
CEP164;A5:chr11:117251430-117252417:117251421-117252417:+	0.2639028	4.97	13.2	0.2735278	0.7264722	0.4529444	0.2872306	5.63	13.31	0.2972545	0.7027455	0.405491	0.2554868	5.16	13.86	0.2712934	0.7287066	0.4574132	CEP164	0.4386162	TRUE	A5
FKRP;A5:chr19:47251974-47258669:47251922-47258669:+	0.191731541008	1.47	7.16	0.170336037079954	0.829663962920046	0.659327925840093	0.309698020996	2.81	6.17	0.312917594654788	0.687082405345212	0.374164810690423	0.283404964055	2.25	6.57	0.255102040816327	0.744897959183674	0.489795918367347	FKRP	0.5077628849	TRUE	A5
VPRBP;A5:chr3:51497243-51500819:51497243-51500822:-	0.9326121	19.35	1.52	0.9271682	0.07283182	-0.8543364	0.9688638	21.54	0.99	0.9560586	0.04394141	-0.9121172	0.9602424	20.64	1.54	0.9305681	0.06943192	-0.8611362	VPRBP	-0.8758632	TRUE	A5
RFX5;A5:chr1:151318809-151318958:151318809-151318965:-	0.28303043615	6.17	21.2	0.225429302155645	0.774570697844355	0.54914139568871	0.210587639958	6.07	26.08	0.188802488335925	0.811197511664075	0.622395023328149	0.191942848157	5.66	25.64	0.180830670926518	0.819169329073482	0.638338658146965	RFX5	0.603291692433333	TRUE	A5
ZNF829;A5:chr19:37406153-37406698:37406153-37406913:-	1	0.28	0	1	0	-1	0	0	0.49	0	1	1	1	0.37	0	1	0	-1	ZNF829	-0.333333333333333	TRUE	A5
NUDT16L1;A5:chr16:4744309-4744959:4744239-4744959:+	0.033924729775	0.7	21.97	0.0308778120864579	0.969122187913542	0.938244375827084	0.065495473024	1.12	17.15	0.0613026819923372	0.938697318007663	0.877394636015326	0	0	20.76	0	1	1	NUDT16L1	0.938546337333333	TRUE	A5
LYN;A5:chr8:56854550-56859007:56854487-56859007:+	0.78628547059	21.65	6.55	0.767730496453901	0.232269503546099	-0.535460992907801	0.860441060815	24.19	5.39	0.817782285327924	0.182217714672076	-0.635564570655849	0.767391699413	21.35	7.7	0.734939759036145	0.265060240963855	-0.469879518072289	LYN	-0.546968360566667	TRUE	A5
SMPD1;A3:chr11:6412146-6412614:6412146-6412617:+	1	26.23	0	1	0	-1	1	21.96	0	1	0	-1	1	24.31	0	1	0	-1	SMPD1	-1	TRUE	A3
STUB1;A3:chr16:730684-731063:730684-731152:+	0.00243831817966	0	153.33	0	1	1	0.00590147952728	0.64	139.44	0.00456881781838949	0.995431182181611	0.990862364363221	0.00260232036046	0.27	129.72	0.00207708285252712	0.997922917147473	0.995845834294946	STUB1	0.995569399466667	TRUE	A3
TAF12;A5:chr1:28948677-28969167:28948677-28969504:-	0.0210737315818	0.15	8.88	0.0166112956810631	0.983388704318937	0.966777408637874	0.0833531829375	0.57	7.82	0.067938021454112	0.932061978545888	0.864123957091776	0.0429114597306	0.29	7.98	0.0350665054413543	0.964933494558646	0.929866989117292	TAF12	0.920256118366667	TRUE	A5
PSMD10;A5:chrX:107328357-107330916:107328357-107330995:-	0.861644010386	68.65	13.23	0.838422081094284	0.161577918905716	-0.676844162188569	0.86546814184	75.44	13.38	0.849358252645801	0.1506417473542	-0.698716505291601	0.878902099491	79.98	12.55	0.864368312979574	0.135631687020426	-0.728736625959148	PSMD10	-0.7014324311	TRUE	A5
ZNF41;A5:chrX:47327159-47341858:47327159-47341985:-	0	0	3.29	0	1	1	0.343064377974	0.95	3.11	0.233990147783251	0.766009852216749	0.532019704433498	0.160811628527	0.46	3.46	0.11734693877551	0.88265306122449	0.76530612244898	ZNF41	0.765775275466667	TRUE	A5
LRRC6;A3:chr8:133622507-133623540:133622498-133623540:-	1	0.5	0	1	0	-1	1	0.31	0	1	0	-1	1	0.24	0	1	0	-1	LRRC6	-1	TRUE	A3
CDKL1;A3:chr14:50799410-50801283:50799150-50801283:-	0.189642079618	1.17	5.84	0.166904422253923	0.833095577746077	0.666191155492154	0.175151478311	1.4	7.09	0.16489988221437	0.83510011778563	0.67020023557126	0.237059526244	1.55	5.65	0.215277777777778	0.784722222222222	0.569444444444444	CDKL1	0.635278611533333	TRUE	A3
SPATA5L1;A5:chr15:45708007-45709467:45707977-45709467:+	0.0198998277823	0.24	12.44	0.0189274447949527	0.981072555205047	0.962145110410095	0.0746226213891	0.8	11.28	0.0662251655629139	0.933774834437086	0.867549668874172	0.0698578668332	0.54	11.52	0.0447761194029851	0.955223880597015	0.91044776119403	SPATA5L1	0.913380846633333	TRUE	A5
UBAC2-AS1;A5:chr13:99850056-99852620:99850056-99852892:-	0.513759717358	0.22	0.35	0.385964912280702	0.614035087719298	0.228070175438596	1	1.07	0.06	0.946902654867257	0.0530973451327434	-0.893805309734513	0.746616121992	0.84	0	1	0	-1	UBAC2-AS1	-0.5552450449	TRUE	A5
LRBA;A5:chr4:151207186-151223777:151207186-151223780:-	0.913879	7.37	0.73	0.9098765	0.09012346	-0.8197531	0.8513702	9.54	1.73	0.8464951	0.1535049	-0.6929902	0.8142318	7.16	1.47	0.829664	0.170336	-0.6593279	LRBA	-0.7240238	TRUE	A5
IL1R1;A3:chr2:102791190-102791938:102791190-102792031:+	0.7604229	2.3	1.28	0.6424581	0.3575419	-0.2849162	0.5950969	1.97	2.29	0.4624413	0.5375587	0.07511737	0.8355544	3.65	0.57	0.8649289	0.1350711	-0.7298578	IL1R1	-0.3132189	TRUE	A3
MRPS14;A5:chr1:174987712-174992408:174987712-174992500:-	0.0166482964303	0.39	22.95	0.0167095115681234	0.983290488431877	0.966580976863753	0.0159080755633	0.23	20.96	0.0108541764983483	0.989145823501652	0.978291647003303	0.0146580733296	0.46	22.87	0.0197171024432062	0.980282897556794	0.960565795113588	MRPS14	0.968479473	TRUE	A5
FANCL;A5:chr2:58393009-58425714:58393009-58425729:-	0.339262053039	1.69	6.05	0.218346253229974	0.781653746770026	0.563307493540052	0.0827560701447	0.57	6.83	0.077027027027027	0.922972972972973	0.845945945945946	0.249189630029	0.73	6.91	0.0955497382198953	0.904450261780105	0.808900523560209	FANCL	0.739384654633333	TRUE	A5
BCKDHA;A3:chr19:41928275-41928534:41928275-41928537:+	1	8	0	1	0	-1	0.932452646099	6.13	0.48	0.927382753403934	0.0726172465960666	-0.854765506807867	1	7	0	1	0	-1	BCKDHA	-0.951588502266667	TRUE	A3
REPS2;A3:chrX:17040394-17043182:17040394-17043185:+	0	0	0.47	0	1	1	0.275849269222	0.08	0.61	0.115942028985507	0.884057971014493	0.768115942028986	0.275872294158	0	0.53	0	1	1	REPS2	0.922705314	TRUE	A3
CXCL1;A3:chr4:74735287-74735363:74735287-74735386:+	0.0100255549411	2.8	288.22	0.00962133186722562	0.990378668132774	0.980757336265549	0.0186736700644	3.93	274.39	0.0141204369071572	0.985879563092843	0.971759126185685	0.00577764870456	1.39	270.62	0.00511010624609389	0.994889893753906	0.989779787507812	CXCL1	0.980765416733333	TRUE	A3
LEMD3;A3:chr12:65564898-65604706:65564898-65604709:+	1	6.6	0	1	0	-1	1	9.46	0	1	0	-1	1	8.39	0	1	0	-1	LEMD3	-1	TRUE	A3
BPTF;A5:chr17:65942441-65943842:65942012-65943842:+	0.281550208402	1.52	2.74	0.356807511737089	0.643192488262911	0.286384976525822	0.378499166017	2.25	2.77	0.448207171314741	0.551792828685259	0.103585657370518	0.286813339163	1.24	2.74	0.311557788944724	0.688442211055276	0.376884422110553	BPTF	0.255618352133333	TRUE	A5
PFN2;A3:chr3:149684373-149686145:149684051-149686145:-	0.230083515111	25.5	107.46	0.191787003610108	0.808212996389892	0.616425992779783	0.278822197969	31.48	106.52	0.228115942028985	0.771884057971014	0.543768115942029	0.256936430686	29.81	109.63	0.213783706253586	0.786216293746414	0.572432587492828	PFN2	0.577542231966667	TRUE	A3
SLC36A4;A5:chr11:92914952-92915972:92914952-92916001:-	0.9329514	7.66	0.48	0.9410319	0.05896806	-0.8820639	0.9676257	10.36	0.35	0.9673203	0.03267974	-0.9346405	0.9804096	8.99	0.18	0.9803708	0.01962923	-0.9607415	SLC36A4	-0.9258153	TRUE	A5
TRIM45;A5:chr1:117659367-117660656:117659367-117660710:-	0.86693846538	0.7	0.22	0.760869565217391	0.239130434782609	-0.521739130434783	1	1.19	0	1	0	-1	0.711951840024	0.79	0.41	0.658333333333333	0.341666666666667	-0.316666666666667	TRIM45	-0.612801932333333	TRUE	A5
UFD1L;A5:chr22:19438267-19442272:19438267-19442325:-	0.984375182646	76.14	1.24	0.983975187386922	0.0160248126130783	-0.967950374773843	1	73.12	0	1	0	-1	1	74.68	0	1	0	-1	UFD1L	-0.989316791666667	TRUE	A5
CHMP2A;A5:chr19:59065603-59066232:59065603-59066355:-	0.146340594144	17.88	113.48	0.136114494518879	0.863885505481121	0.727771010962241	0.106876148787	14.11	123.05	0.102872557596967	0.897127442403033	0.794254884806066	0.169188745544	19.11	110.87	0.147022618864441	0.852977381135559	0.705954762271119	CHMP2A	0.742660219266667	TRUE	A5
HNRNPH3;A5:chr10:70098444-70098897:70098399-70098897:+	0.802514736376	133.85	34.27	0.796157506542945	0.203842493457054	-0.592315013085891	0.842017898383	158.07	32.09	0.831247370635255	0.168752629364745	-0.662494741270509	0.80413865805	150.01	39.26	0.792571458762614	0.207428541237386	-0.585142917525229	HNRNPH3	-0.613317557433333	TRUE	A5
CRBN;A3:chr3:3216953-3221305:3216950-3221305:-	0.926065458902	11.97	0.93	0.927906976744186	0.072093023255814	-0.855813953488372	0.965818569581	14.06	0.52	0.964334705075446	0.0356652949245542	-0.928669410150892	0.9872491336	15.19	0.2	0.987004548408057	0.0129954515919428	-0.974009096816114	CRBN	-0.919497486733333	TRUE	A3
CD163L1;A5:chr12:7585332-7585940:7585332-7585970:-	0	0	7.12	0	1	1	0	0	6.53	0	1	1	0.193073660527	1.08	6.29	0.146540027137042	0.853459972862958	0.706919945725916	CD163L1	0.902306648666667	TRUE	A5
HAUS7;A3:chrX:152721224-152721723:152721106-152721723:-	0.9661795	26.49	0.75	0.972467	0.02753304	-0.9449339	0.9744814	25.68	0.59	0.9775409	0.02245908	-0.9550818	0.9632375	24.44	0.82	0.9675376	0.03246239	-0.9350752	HAUS7	-0.9450303	TRUE	A3
IPO4;A3:chr14:24651629-24651998:24651609-24651998:-	0	0	83.88	0	1	1	0	0	83.02	0	1	1	0.00651192569516	0.56	85.23	0.00652756731553794	0.993472432684462	0.986944865368924	IPO4	0.995648288333333	TRUE	A3
TRPM2;A3:chr21:45821780-45825022:45821780-45825025:+	0.211973557618	0.02	0.51	0.0377358490566038	0.962264150943396	0.924528301886792	0.213720640527	0.04	0.59	0.0634920634920635	0.936507936507936	0.873015873015873	0.219692197886	0.03	0.43	0.0652173913043478	0.934782608695652	0.869565217391304	TRPM2	0.889036464	TRUE	A3
ZNF555;A3:chr19:2851649-2852378:2851649-2852381:+	1	0.7	0	1	0	-1	0.748662492067	0.61	0.21	0.74390243902439	0.25609756097561	-0.48780487804878	1	0.73	0	1	0	-1	ZNF555	-0.829268292666667	TRUE	A3
WDR45;A3:chrX:48934412-48935302:48934409-48935302:-	0.0262433950005	1.33	23.59	0.0533707865168539	0.946629213483146	0.893258426966292	0.0292789511127	2.06	22.63	0.0834345889023896	0.91656541109761	0.833130822195221	0.00358470594047	1.23	24.46	0.0478785519657454	0.952121448034255	0.904242896068509	WDR45	0.876877381733333	TRUE	A3
KCTD21-AS1;A3:chr11:77860139-77884446:77860139-77884866:+	1	0.75	0	1	0	-1	1	0	0.24	0	1	1	1	0.83	0	1	0	-1	KCTD21-AS1	-0.3333333	TRUE	A3
ATP5G2;A5:chr12:54066429-54069837:54066429-54069960:-	0.999527230314	424.58	0.16	0.999623298959363	0.000376701040636625	-0.999246597918727	0.999457061031	388.96	0	1	0	-1	0.999527793958	413.55	0	1	0	-1	ATP5G2	-0.999748866	TRUE	A5
MTA1;A3:chr14:105930484-105930753:105930484-105930800:+	0.960866459332	42.56	2.05	0.954046177986999	0.0459538220130016	-0.908092355973997	0.968075570063	47.67	1.78	0.964004044489383	0.0359959555106168	-0.928008088978766	0.929220712426	45.94	4.61	0.908803165182987	0.0911968348170129	-0.817606330365974	MTA1	-0.884568925	TRUE	A3
U2AF2;A5:chr19:56180547-56180810:56180535-56180810:+	0.16780732146	24.25	122.09	0.165709990433238	0.834290009566762	0.668580019133525	0.18703276669	28.92	125.73	0.187002909796314	0.812997090203686	0.625994180407371	0.18821219261	28.7	124.08	0.187851813064537	0.812148186935463	0.624296373870926	U2AF2	0.639623524466667	TRUE	A5
SIRT3;A5:chr11:233534-236048:233534-236194:-	0.809248849433	5.73	1.76	0.76502002670227	0.23497997329773	-0.53004005340454	0.644319705008	3.78	3.29	0.534653465346535	0.465346534653465	-0.0693069306930693	0.763848907455	5.05	1.73	0.744837758112094	0.255162241887906	-0.489675516224189	SIRT3	-0.3630074999	TRUE	A5
DDX17;A5:chr22:38882445-38883878:38882445-38883884:-	0.177080854759	4.79	26.16	0.154765751211632	0.845234248788368	0.690468497576737	0.291872248582	9.69	27.65	0.259507230851634	0.740492769148366	0.480985538296733	0.10372100495	4.25	32.67	0.115113759479957	0.884886240520043	0.769772481040087	DDX17	0.647075505766667	TRUE	A5
DAAM2;A3:chr6:39866713-39867853:39866713-39867856:+	1	0.31	0	1	0	-1	1	0.16	0	1	0	-1	1	0.32	0	1	0	-1	DAAM2	-1	TRUE	A3
SNX2;A5:chr5:122111457-122130961:122110906-122130961:+	0.00199261341534	0.05	26.03	0.00191717791411043	0.998082822085889	0.996165644171779	0.00201756741883	0.05	26.32	0.00189609404626469	0.998103905953735	0.996207811907471	0.00194711088949	0.05	24.16	0.00206526228831062	0.997934737711689	0.995869475423379	SNX2	0.996080976966667	TRUE	A5
PRELID1;A3:chr5:176733177-176733423:176733177-176733456:+	0.994572699707	554.4	2.97	0.994671403197158	0.00532859680284192	-0.989342806394316	0.995942025651	541.28	2.11	0.99611696939583	0.00388303060417012	-0.99223393879166	0.996568395991	560.28	2.05	0.996354453790479	0.0036455462095211	-0.992708907580958	PRELID1	-0.991428550933333	TRUE	A3
WFS1;A3:chr4:6271741-6279178:6271741-6279182:+	0.693930477659	23.98	10.98	0.685926773455378	0.314073226544622	-0.371853546910755	0.747571417841	25.12	8.99	0.736440926414541	0.263559073585459	-0.472881852829082	0.747425144955	25.62	8.09	0.760011865915159	0.239988134084841	-0.520023731830317	WFS1	-0.4549197106	TRUE	A3
COPA;A3:chr1:160275388-160275478:160275361-160275478:-	0.0368200008645	3.05	83.46	0.0352560397641891	0.964743960235811	0.929487920471622	0.0440783374675	4.14	93.43	0.0424310751255509	0.957568924874449	0.915137849748898	0.0614824816584	4.76	88.04	0.0512931034482759	0.948706896551724	0.897413793103448	COPA	0.914013187566667	TRUE	A3
C9orf116;A3:chr9:138387461-138390431:138387415-138390431:-	0.787749417465	3.85	1.13	0.773092369477912	0.226907630522088	-0.546184738955823	1	4.58	0	1	0	-1	0.846614313088	4.56	0.89	0.836697247706422	0.163302752293578	-0.673394495412844	C9orf116	-0.739859744666667	TRUE	A3
DDX60L;A3:chr4:169317278-169321977:169317275-169321977:-	0.0370558353403	0.11	3.39	0.0314285714285714	0.968571428571429	0.937142857142857	0.0852060583454	0.3	4.62	0.0609756097560976	0.939024390243902	0.878048780487805	0.0434175353802	0.15	4.19	0.0345622119815668	0.965437788018433	0.930875576036866	DDX60L	0.915355737833333	TRUE	A3
GRSF1;A5:chr4:71702031-71704945:71702031-71705188:-	0.013482590719	0.52	38.72	0.0132517838939857	0.986748216106014	0.973496432212028	0.00474988622053	0.19	39.88	0.00474170202146244	0.995258297978538	0.990516595957075	0	0	40.04	0	1	1	GRSF1	0.988004342666667	TRUE	A5
PHOSPHO1;A3:chr17:47302493-47304009:47302366-47304009:-	0	0	0.27	0	1	1	0	0	0.14	0	1	1	1	0.32	0	1	0	-1	PHOSPHO1	0.333333333333333	TRUE	A3
GRINA;A5:chr8:145064479-145065368:145064367-145065368:+	0.0898470468746	8.81	107.32	0.0758632566950831	0.924136743304917	0.848273486609834	0.10410844484	8.5	92.27	0.0843505011412127	0.915649498858787	0.831298997717575	0.0679105532983	7.37	113.7	0.0608738746179896	0.93912612538201	0.878252250764021	GRINA	0.852608245233333	TRUE	A5
STRN4;A3:chr19:47230824-47231151:47230803-47231151:-	0.257701547375	13.99	46.49	0.231316137566138	0.768683862433862	0.537367724867725	0.267396297798	15.22	44.24	0.255970400269088	0.744029599730912	0.488059199461823	0.150345050496	8.1	55.3	0.127760252365931	0.872239747634069	0.744479495268139	STRN4	0.5899688065	TRUE	A3
LOC100268168;A3:chr5:172383031-172384157:172382079-172384157:-	0.2667775	0.54	0.76	0.4153846	0.5846154	0.1692308	0.1536919	0.14	0.65	0.1772152	0.8227848	0.6455696	0.3774909	0.4	0.31	0.5633803	0.4366197	-0.1267606	LOC100268168	0.2293466	TRUE	A3
FAM3C;A5:chr7:121023064-121036216:121023064-121036256:-	1	66.35	0	1	0	-1	1	77.83	0	1	0	-1	1	78.65	0	1	0	-1	FAM3C	-1	TRUE	A5
ZBTB37;A3:chr1:173838258-173839335:173838258-173839338:+	0.536497477607	1.17	0.97	0.546728971962617	0.453271028037383	-0.0934579439252336	0.776145702016	1.84	0.34	0.844036697247706	0.155963302752294	-0.688073394495413	0.770785385382	1.76	0.51	0.775330396475771	0.224669603524229	-0.550660792951542	ZBTB37	-0.444064043833333	TRUE	A3
SCG5;A3:chr15:32972116-32976758:32972116-32976761:+	0.907694480679	4.27	1.15	0.787822878228782	0.212177121771218	-0.575645756457564	1	3.56	0	1	0	-1	1	3.63	0	1	0	-1	SCG5	-0.858548585333333	TRUE	A3
SYT15;A3:chr10:46962112-46963840:46960018-46963840:-	0.939667471429	1.06	0.08	0.929824561403509	0.0701754385964912	-0.859649122807017	0.879516167547	1.32	0.08	0.942857142857143	0.0571428571428571	-0.885714285714286	0.776860077825	1.12	0.27	0.805755395683453	0.194244604316547	-0.611510791366906	SYT15	-0.785624733233333	TRUE	A3
DSP;A5:chr6:7581802-7582875:7580005-7582875:+	0.373036002703	3.81	10.49	0.266433566433566	0.733566433566434	0.467132867132867	0.354239550594	4.81	13.16	0.267668336115748	0.732331663884252	0.464663327768503	0.390993370993	4.41	11.06	0.285067873303167	0.714932126696833	0.429864253393665	DSP	0.453886815933333	TRUE	A5
SHPRH;A3:chr6:146207923-146209156:146207576-146209156:-	1	1.34	0	1	0	-1	1	2.03	0	1	0	-1	1	1.94	0	1	0	-1	SHPRH	-1	TRUE	A3
EIF4B;A5:chr12:53428508-53431193:53428493-53431193:+	0.0724467319652	11.89	150.56	0.0731917513080948	0.926808248691905	0.85361649738381	0.0689474027557	12.64	180.94	0.0652960016530633	0.934703998346937	0.869407996693873	0.0516077971716	9.86	184.74	0.0506680369989722	0.949331963001028	0.898663926002055	EIF4B	0.8738961399	TRUE	A5
LOC102724094;A3:chr7:100658571-100660696:100658548-100660696:-	0	0	1.28	0	1	1	0	0	1.32	0	1	1	0.224292448343	0.82	3.1	0.209183673469388	0.790816326530612	0.581632653061225	LOC102724094	0.860544217666667	TRUE	A3
RFC4;A5:chr3:186522513-186524079:186522513-186524214:-	0.828142390915	59.17	12.19	0.82917600896861	0.17082399103139	-0.65835201793722	0.725617816673	49.53	16.95	0.745036101083032	0.254963898916967	-0.490072202166065	0.748319037817	51.61	15.74	0.766295471417966	0.233704528582034	-0.532590942835932	RFC4	-0.560338387733333	TRUE	A5
HDAC5;A3:chr17:42188171-42194862:42188168-42194862:-	0	0	3.12	0	1	1	0	0	3.2	0	1	1	0.999991591108	3.16	0	1	0	-1	HDAC5	0.333333333333333	TRUE	A3
FAM160A2;A5:chr11:6239380-6239788:6239380-6239830:-	0.256000671771	2.44	7.62	0.242544731610338	0.757455268389662	0.514910536779324	0.325375180607	3.21	7.01	0.314090019569472	0.685909980430528	0.371819960861057	0.430149454051	4.47	6.33	0.413888888888889	0.586111111111111	0.172222222222222	FAM160A2	0.352984239966667	TRUE	A5
FBXO21;A3:chr12:117595889-117603290:117595868-117603290:-	0.180642393718	3.29	15.82	0.172161172161172	0.827838827838828	0.655677655677656	0.268255490936	6.01	17.26	0.25827245380318	0.74172754619682	0.48345509239364	0.209538770787	4.42	16.76	0.208687440982059	0.791312559017942	0.582625118035883	FBXO21	0.5739192888	TRUE	A3
MTIF2;A5:chr2:55495875-55495953:55495875-55496305:-	0.05090738	2.95	65.74	0.04294657	0.9570534	0.9141069	0.06094161	2.99	64.12	0.04455372	0.9554463	0.9108926	0.04824797	2.67	69.35	0.03707304	0.962927	0.9258539	MTIF2	0.9169511	TRUE	A5
FAM208A;A3:chr3:56657871-56658507:56657594-56658507:-	0.7447206	10.92	5.2	0.6774194	0.3225806	-0.3548387	0.7978291	14.43	4.82	0.7496104	0.2503896	-0.4992208	0.7665285	12.18	4.54	0.7284689	0.2715311	-0.4569378	FAM208A	-0.4369991	TRUE	A3
UFSP2;A5:chr4:186339661-186339741:186339661-186339766:-	0.983870091346	25.13	0.45	0.982408131352619	0.0175918686473808	-0.964816262705239	0.98714201982	26.79	0.38	0.986013986013986	0.013986013986014	-0.972027972027972	1	23.27	0	1	0	-1	UFSP2	-0.978948078333333	TRUE	A5
RPLP0;A3:chr12:120638694-120638886:120638634-120638886:-	0.100021416272	506.55	5078.51	0.090697324648258	0.909302675351742	0.818605350703484	0.0957090412735	431.01	4665.66	0.0845669819705808	0.915433018029419	0.830866036058838	0.0994086011607	425.51	4425.65	0.0877130418291708	0.912286958170829	0.824573916341658	RPLP0	0.8246817677	TRUE	A3
EME1;A3:chr17:48456256-48456429:48456256-48456468:+	0	0	5.72	0	1	1	0	0	6.51	0	1	1	0.0768700467293	0.53	6.7	0.0733056708160443	0.926694329183956	0.853388658367911	EME1	0.951129552666667	TRUE	A3
CD3EAP;A5:chr19:45909982-45910352:45909976-45910352:+	0.153847489852	1.26	7.01	0.15235792019347	0.84764207980653	0.695284159613059	0.163258817414	1.69	7.46	0.184699453551913	0.815300546448087	0.630601092896175	0.0894422228264	0.77	7.84	0.0894308943089431	0.910569105691057	0.821138211382114	CD3EAP	0.715674487966667	TRUE	A5
ESF1;A5:chr20:13763829-13765468:13763829-13765526:-	0	0	23.47	0	1	1	0	0	27.51	0	1	1	0	0	27.89	0	1	1	ESF1	1	TRUE	A5
ZNF837;A5:chr19:58880728-58881084:58880728-58881186:-	0.814514004947	1.37	0.34	0.801169590643275	0.198830409356725	-0.60233918128655	0.841224500411	1.33	0	1	0	-1	0.61127607478	1.19	0.35	0.772727272727273	0.227272727272727	-0.545454545454545	ZNF837	-0.715931242	TRUE	A5
SEC61G;A5:chr7:54825287-54826851:54825287-54826855:-	0.89391055663	245.08	30.31	0.889937906242057	0.110062093757943	-0.779875812484114	0.934049929844	230.86	17.98	0.927744735573059	0.072255264426941	-0.855489471146118	0.899569566655	224.86	25.26	0.899008475931553	0.100991524068447	-0.798016951863106	SEC61G	-0.8111274117	TRUE	A5
P2RX6;A5:chr22:21369627-21370231:21369549-21370231:+	0.600303474683	0.77	0.53	0.592307692307692	0.407692307692308	-0.184615384615385	0.998197919587	1.1	0.39	0.738255033557047	0.261744966442953	-0.476510067114094	0.2678014634	0.97	0.62	0.610062893081761	0.389937106918239	-0.220125786163522	P2RX6	-0.2937504127	TRUE	A5
ANAPC5;A3:chr12:121766300-121768386:121766261-121768386:-	0.7453197	75.25	37.04	0.6701398	0.3298602	-0.3402796	0.7260469	69.09	41.35	0.6255886	0.3744114	-0.2511771	0.7417758	69.83	37.87	0.6483751	0.3516249	-0.2967502	ANAPC5	-0.296069	TRUE	A3
OAZ2;A3:chr15:64983790-64995228:64983787-64995228:-	0.971358150183	73.5	2.21	0.9708096684718	0.0291903315281997	-0.941619336943601	0.959227865215	73.73	3.18	0.958652971005071	0.0413470289949291	-0.917305942010142	0.951216062563	72.97	3.86	0.949759208642457	0.0502407913575426	-0.899518417284915	OAZ2	-0.919481232	TRUE	A3
ZMAT3;A3:chr3:178743016-178745211:178743013-178745211:-	0.3645094	1.77	2.83	0.3847826	0.6152174	0.2304348	0.2877892	1.98	4.61	0.3004552	0.6995448	0.3990895	0.3961068	2.26	3.18	0.4154412	0.5845588	0.1691176	ZMAT3	0.266214	TRUE	A3
STK36;A3:chr2:219559358-219561250:219559358-219561313:+	0.647143695681	2.43	2.22	0.52258064516129	0.47741935483871	-0.0451612903225806	0.751685119007	4	1.33	0.75046904315197	0.24953095684803	-0.50093808630394	0.727949606462	3.85	0.83	0.822649572649573	0.177350427350427	-0.645299145299145	STK36	-0.397132840433333	TRUE	A3
FECH;A5:chr18:55240597-55247287:55240597-55247305:-	0.11695892624	0.41	3.08	0.117478510028653	0.882521489971347	0.765042979942693	0.0314444784131	0.12	3.89	0.029925187032419	0.970074812967581	0.940149625935162	0.0227646338319	0	4.27	0	1	1	FECH	0.901730868633333	TRUE	A5
TRIM26;A3:chr6:30167041-30168812:30166930-30168812:-	0.3491797	12.83	26.46	0.3265462	0.6734538	0.3469076	0.2790215	9.82	31.67	0.2366835	0.7633165	0.5266329	0.3567681	11.92	28.2	0.2971087	0.7028913	0.4057827	TRIM26	0.4264411	TRUE	A3
UBA52;A5:chr19:18682719-18684103:18682697-18684103:+	0.284087221123	91.34	229.53	0.284663570916571	0.715336429083429	0.430672858166859	0.294965664903	86.94	204.97	0.297831523414751	0.702168476585249	0.404336953170498	0.296672534212	96.06	219.87	0.304054695660431	0.695945304339569	0.391890608679138	UBA52	0.408966806733333	TRUE	A5
FKBP7;A3:chr2:179334512-179341789:179334509-179341789:-	0.717030208219	3.32	1.6	0.67479674796748	0.32520325203252	-0.349593495934959	0.782781918135	5.01	1.58	0.760242792109256	0.239757207890744	-0.520485584218513	0.721131588828	3.7	1.57	0.702087286527514	0.297912713472486	-0.404174573055028	FKBP7	-0.424751217733333	TRUE	A3
WDR76;A3:chr15:44119290-44120163:44119290-44120273:+	0.989066445389	19.1	0.25	0.987080103359173	0.0129198966408269	-0.974160206718346	0.990704400565	23.14	0.24	0.989734816082122	0.0102651839178785	-0.979469632164243	1	23.67	0	1	0	-1	WDR76	-0.984543279733333	TRUE	A3
NSMCE4A;A3:chr10:123718925-123719016:123718922-123719016:-	1	31.91	0	1	0	-1	1	33.38	0	1	0	-1	1	31.96	0	1	0	-1	NSMCE4A	-1	TRUE	A3
G3BP1;A3:chr5:151151597-151166133:151151597-151166164:+	0.686078467215	189.32	90.46	0.676674529987848	0.323325470012152	-0.353349059975695	0.675999702335	218.04	110.32	0.664027287123888	0.335972712876112	-0.328054574247777	0.696881976973	220.68	98.59	0.691201804115639	0.308798195884361	-0.382403608231278	G3BP1	-0.354602414066667	TRUE	A3
CPVL;A5:chr7:29160687-29185957:29160687-29186045:-	0.0493046556848	1.37	29.69	0.0441081777205409	0.955891822279459	0.911783644558918	0.0391153051531	0.72	30.85	0.0228064618308521	0.977193538169148	0.954387076338296	0.101786154967	2.91	28.54	0.0925278219395867	0.907472178060413	0.814944356120827	CPVL	0.893705025766667	TRUE	A5
CMTR2;A5:chr16:71322840-71322989:71322840-71323039:-	0.703853349209	6.16	2.41	0.718786464410735	0.281213535589265	-0.43757292882147	0.807706838508	9.05	1.65	0.845794392523364	0.154205607476636	-0.691588785046729	0.72403180406	6.98	2.78	0.71516393442623	0.284836065573771	-0.430327868852459	CMTR2	-0.519829861	TRUE	A5
MAGI3;A3:chr1:114223958-114224834:114223958-114225519:+	0.135996534929	0.56	3.28	0.145833333333333	0.854166666666667	0.708333333333333	0.0520541464976	0.18	3.97	0.0433734939759036	0.956626506024096	0.913253012048193	0	0	4.38	0	1	1	MAGI3	0.873862115	TRUE	A3
ZNF101;A5:chr19:19788799-19789535:19788795-19789535:+	0.9258618	2.74	0.25	0.916388	0.08361204	-0.8327759	0.9134357	2.88	0.31	0.9028213	0.09717868	-0.8056426	0.8996355	2.68	0.52	0.8375	0.1625	-0.675	ZNF101	-0.7711395	TRUE	A5
C19orf60;A3:chr19:18699887-18700223:18699887-18700289:+	0.875174989822	30.77	7.9	0.795707266614947	0.204292733385053	-0.591414533229894	0.789685945969	27.09	10.92	0.712707182320442	0.287292817679558	-0.425414364640884	0.806521415582	24.3	10.63	0.695677068422559	0.304322931577441	-0.391354136845119	C19orf60	-0.469394344866667	TRUE	A3
AP1M2;A3:chr19:10690540-10691942:10690534-10691942:-	0.000133319800016	0	129.19	0	1	1	0.000144727959083	0	136.04	0	1	1	0.000179789221687	0	119.09	0	1	1	AP1M2	1	TRUE	A3
LOC100294145;A5:chr6:32862803-32868697:32862704-32868697:+	0.0473804464225	0.4	13.71	0.0283486888731396	0.97165131112686	0.943302622253721	0.17576030198	2.41	13.72	0.14941103533788	0.85058896466212	0.701177929324241	0.132512785328	1.82	13.93	0.115555555555556	0.884444444444444	0.768888888888889	LOC100294145	0.8044564801	TRUE	A5
PBK;A3:chr8:27668684-27678082:27668651-27678082:-	0.1305336	7.49	48.22	0.1344462	0.8655538	0.7311075	0.09147334	5.48	54.2	0.09182306	0.9081769	0.8163539	0.1071785	6.78	56.26	0.1075508	0.8924492	0.7848985	PBK	0.7774533	TRUE	A3
C1orf122;A5:chr1:38274111-38274203:38273978-38274203:+	0.0681436083937	1.73	29.76	0.0549380755795491	0.945061924420451	0.890123848840902	0.0251236032229	0.59	28.44	0.0203238029624526	0.979676197037547	0.959352394075095	0.0602758705427	1.56	28.67	0.0516043665233212	0.948395633476679	0.896791266953358	C1orf122	0.915422503366667	TRUE	A5
AOC2;A5:chr17:41001388-41001618:41001307-41001618:+	0.890108451408	1.92	0.23	0.893023255813953	0.106976744186047	-0.786046511627907	0.623723461927	1.62	0.84	0.658536585365854	0.341463414634146	-0.317073170731707	1	2.29	0	1	0	-1	AOC2	-0.701039894233333	TRUE	A5
ATG4B;A5:chr2:242610840-242611606:242610820-242611606:+	0.0227771526738	0.56	24.68	0.0221870047543582	0.977812995245642	0.955625990491284	0.035315880393	1.28	24.83	0.0490233626962849	0.950976637303715	0.90195327460743	0.0269191690476	0.67	25.8	0.0253116735927465	0.974688326407253	0.949376652814507	ATG4B	0.935651972533333	TRUE	A5
DENND5A;A5:chr11:9161401-9163487:9161401-9163521:-	0.919972828581	16.13	1.82	0.898607242339833	0.101392757660167	-0.797214484679666	0.970093083554	19.67	0.71	0.965161923454367	0.034838076545633	-0.930323846908734	0.964034908866	17.07	1.17	0.935855263157895	0.0641447368421053	-0.871710526315789	DENND5A	-0.866416285966667	TRUE	A5
PARD6A;A3:chr16:67695580-67695796:67695580-67695799:+	0.149997771504	1.96	10.82	0.153364632237872	0.846635367762128	0.693270735524257	0.258194258997	2.71	7.87	0.256143667296786	0.743856332703214	0.487712665406427	0.065846710343	0.82	11.69	0.0655475619504396	0.93445243804956	0.868904876099121	PARD6A	0.683296092466667	TRUE	A3
PSMB6;A3:chr17:4701448-4701555:4701448-4701575:+	0	0	597.04	0	1	1	0	0	597.72	0	1	1	0.00384118326897	2.05	548.29	0.003724970018534	0.996275029981466	0.992550059962932	PSMB6	0.997516686666667	TRUE	A3
C7orf25;A3:chr7:42950520-42951514:42950515-42951514:-	1	12.06	0	1	0	-1	0.794749428882	14.78	0	1	0	-1	1	15.91	0	1	0	-1	C7orf25	-1	TRUE	A3
ABCG2;A3:chr4:89016761-89018605:89016751-89018605:-	0.9002279	11.84	0	1	0	-1	0.9102055	13.86	0	1	0	-1	0.8829659	12.94	0	1	0	-1	ABCG2	-1	TRUE	A3
C20orf96;A5:chr20:270948-271228:270948-271232:-	0.742504368443	1.92	1.64	0.539325842696629	0.460674157303371	-0.0786516853932584	1	0	2.22	0	1	1	0.655421556464	1.02	2.14	0.322784810126582	0.677215189873418	0.354430379746835	C20orf96	0.425259565	TRUE	A5
PIGV;A5:chr1:27115310-27117250:27114759-27117250:+	0.130222602811	1.09	9.82	0.0999083409715857	0.900091659028414	0.800183318056829	0.0953799143585	0.83	11.03	0.0699831365935919	0.930016863406408	0.860033726812816	0.130658476744	1.15	10.5	0.0987124463519313	0.901287553648069	0.802575107296137	PIGV	0.820930717266667	TRUE	A5
LINC00652;A3:chr20:18769542-18770218:18769481-18770218:-	1	0.21	0	1	0	-1	0.541072461044	0.19	0.16	0.542857142857143	0.457142857142857	-0.0857142857142857	0.559754087233	0.15	0.1	0.6	0.4	-0.2	LINC00652	-0.428571428566667	TRUE	A3
PHF21A;A3:chr11:45991455-45992667:45991452-45992667:-	0.343738	0.74	1.27	0.3681592	0.6318408	0.2636816	0.3496449	0.86	1.52	0.3613445	0.6386555	0.2773109	0.3818175	1	1.54	0.3937008	0.6062992	0.2125984	PHF21A	0.251197	TRUE	A3
SNRNP70;A3:chr19:49610969-49611052:49610969-49611079:+	0.750963814736	235.75	83.47	0.738518889793872	0.261481110206127	-0.477037779587745	0.761733003547	233.76	77.85	0.750168479830557	0.249831520169443	-0.500336959661115	0.764126855354	221.9	74.06	0.749763481551561	0.250236518448439	-0.499526963103122	SNRNP70	-0.492300567566667	TRUE	A3
E2F3;A3:chr6:20480188-20481437:20480188-20481455:+	0.4396646	7.91	16.23	0.3276719	0.6723281	0.3446562	0.5531467	11.79	17.74	0.399255	0.600745	0.20149	0.444539	10.19	20.72	0.3296668	0.6703332	0.3406665	E2F3	0.2956042	TRUE	A3
CTNNAL1;A3:chr9:111705151-111705241:111705114-111705241:-	0.0290926442674	6.78	274.45	0.0241083810404295	0.975891618959571	0.951783237919141	0.0379703503924	9.65	277.13	0.0336494874119534	0.966350512588047	0.932701025176093	0.0370754479043	11.24	270.79	0.0398539162500443	0.960146083749956	0.920292167499911	CTNNAL1	0.934925476733333	TRUE	A3
ANAPC4;A5:chr4:25407244-25408451:25407241-25408451:+	0.196583876066	1.86	7.68	0.19496855345912	0.805031446540881	0.610062893081761	0.171672157339	1.9	9.32	0.16934046345811	0.83065953654189	0.661319073083779	0.0576856148102	0.57	9.49	0.0566600397614314	0.943339960238569	0.886679920477137	ANAPC4	0.719353962033333	TRUE	A5
SEC16A;A3:chr9:139341467-139341679:139341401-139341679:-	0.265738681894	4.21	11.61	0.266118836915297	0.733881163084703	0.467762326169406	0.187526065711	4.16	13.35	0.237578526556254	0.762421473443746	0.524842946887493	0.188578297663	3.92	12.48	0.239024390243902	0.760975609756098	0.521951219512195	SEC16A	0.5048521643	TRUE	A3
COMMD7;A3:chr20:31315949-31331114:31315946-31331114:-	0.950257418276	76.82	3.26	0.959290709290709	0.0407092907092907	-0.918581418581419	0.868840581434	66.46	10.83	0.859878380126795	0.140121619873205	-0.71975676025359	0.941402615616	73.98	4.72	0.94002541296061	0.0599745870393901	-0.88005082592122	COMMD7	-0.839463001766667	TRUE	A3
BRMS1;A3:chr11:66105360-66105714:66105278-66105714:-	0.967715304528	148.9	6.13	0.960459265948526	0.0395407340514739	-0.920918531897052	0.960244656257	141.76	7.2	0.951664876476907	0.0483351235230935	-0.903329752953813	0.940696460856	129.75	10.33	0.926256424900057	0.0737435750999429	-0.852512849800114	BRMS1	-0.892253711666667	TRUE	A3
ZFP41;A5:chr8:144329919-144331860:144329312-144331860:+	0.2913439	0.99	2.93	0.252551	0.747449	0.494898	0.3441587	0.93	2.45	0.2751479	0.7248521	0.4497041	0.2866779	0.91	2.6	0.2592593	0.7407407	0.4814815	ZFP41	0.4753612	TRUE	A5
CBR1;A3:chr21:37443355-37444113:37443355-37444744:+	0.00140472435572	0.1	89.53	0.00111569786901707	0.998884302130983	0.997768604261966	0.00287133270132	0.21	90.26	0.00232121145130983	0.99767878854869	0.99535757709738	0.00145123881171	0.1	83.38	0.00119789171058936	0.998802108289411	0.997604216578821	CBR1	0.9969101327	TRUE	A3
CCDC53;A3:chr12:102433756-102437883:102433753-102437883:-	0.846282774759	45.96	8.05	0.850953527124606	0.149046472875393	-0.701907054249213	0.86670714366	51.14	8.02	0.864435429344152	0.135564570655849	-0.728870858688303	0.870756353399	51.17	6	0.895049851320623	0.104950148679377	-0.790099702641246	CCDC53	-0.740292538566667	TRUE	A3
SORT1;A3:chr1:109888503-109890105:109888500-109890105:-	0.7476269	13.12	5.13	0.7189041	0.2810959	-0.4378082	0.723191	14.63	5.77	0.7171569	0.2828431	-0.4343137	0.7912177	14.66	4	0.7856377	0.2143623	-0.5712755	SORT1	-0.4811325	TRUE	A3
SEH1L;A3:chr18:12984189-12985239:12984189-12986861:+	0.822798236054	51.37	22.35	0.696825827455236	0.303174172544764	-0.393651654910472	0.724226363651	60.88	31.48	0.659159809441317	0.340840190558683	-0.318319618882633	0.744684010394	60.94	32.49	0.652253023654072	0.347746976345927	-0.304506047308145	SEH1L	-0.338825773633333	TRUE	A3
COG2;A3:chr1:230823889-230824166:230823889-230824169:+	0.943705469291	20.62	1.3	0.940693430656934	0.0593065693430657	-0.881386861313869	1	23.01	0	1	0	-1	0.974480157463	22.67	0.62	0.973379132674968	0.0266208673250322	-0.946758265349936	COG2	-0.942715042	TRUE	A3
WDR62;A3:chr19:36593053-36593639:36593053-36593654:+	0.730354455931	19.77	8.11	0.709110473457676	0.290889526542324	-0.418220946915351	0.756108446467	20.34	7.41	0.732972972972973	0.267027027027027	-0.465945945945946	0.715219272252	20.1	8.45	0.704028021015762	0.295971978984238	-0.408056042031524	WDR62	-0.4307409783	TRUE	A3
HDGFRP2;A3:chr19:4501329-4501923:4501329-4501926:+	0.769934348194	43.83	12.31	0.780726754542216	0.219273245457784	-0.561453509084432	0.734977671174	41.06	14.18	0.743301955104996	0.256698044895004	-0.486603910209993	0.685657102698	36.73	16.38	0.691583505931086	0.308416494068914	-0.383167011862173	HDGFRP2	-0.4770748104	TRUE	A3
ARPC3;A3:chr12:110874009-110874362:110874006-110874362:-	0.989736366375	690.62	8.12	0.988379082348227	0.0116209176517732	-0.976758164696454	0.983975553155	678.13	11.67	0.983082052768919	0.0169179472310815	-0.966164105537837	0.989885840627	660.12	7.88	0.988203592814371	0.0117964071856287	-0.976407185628743	ARPC3	-0.973109818833333	TRUE	A3
SYTL1;A3:chr1:27674503-27675571:27674503-27675607:+	0	0	0.24	0	1	1	0	0	0.25	0	1	1	0	0	0.28	0	1	1	SYTL1	1	TRUE	A3
NDUFB11;A5:chrX:47001839-47001983:47001839-47002013:-	0.301689767923	27.2	65.15	0.294531672983216	0.705468327016784	0.410936654033568	0.333423417425	26.02	53.23	0.328328075709779	0.671671924290221	0.343343848580442	0.345223282344	28.54	57.15	0.333061033959622	0.666938966040378	0.333877932080756	NDUFB11	0.3627194782	TRUE	A5
MBD3;A5:chr19:1585213-1592521:1585213-1592617:-	0.0885010800757	8.43	90.13	0.0855316558441558	0.914468344155844	0.828936688311688	0.122932475555	9.79	82.2	0.106424611370801	0.893575388629199	0.787150777258398	0.0843424246179	7.43	89.07	0.0769948186528497	0.92300518134715	0.8460103626943	MBD3	0.8206992761	TRUE	A5
HAUS8;A3:chr19:17170902-17173508:17170899-17173508:-	0.853156797004	40.3	7.04	0.851288550908323	0.148711449091677	-0.702577101816646	0.835599571399	35.6	7.13	0.833138310320618	0.166861689679382	-0.666276620641236	0.870113210198	39.33	5.98	0.868020304568528	0.131979695431472	-0.736040609137056	HAUS8	-0.701631443866667	TRUE	A3
ARL6IP6;A5:chr2:153575538-153577047:153574509-153577047:+	0.911567155198	16.32	6.92	0.70223752151463	0.29776247848537	-0.40447504302926	0.933558524017	18.71	6.03	0.75626515763945	0.24373484236055	-0.5125303152789	0.877224676192	18.83	6.97	0.72984496124031	0.27015503875969	-0.45968992248062	ARL6IP6	-0.458898426766667	TRUE	A5
PPP1R10;A3:chr6:30572512-30572771:30572451-30572771:-	0.99514860862	47.55	0.28	0.994145933514531	0.00585406648546937	-0.988291867029061	1	50.44	0	1	0	-1	1	52.8	0	1	0	-1	PPP1R10	-0.996097289	TRUE	A3
DNA2;A3:chr10:70190412-70191614:70190297-70191614:-	1	7.33	0	1	0	-1	1	8.83	0	1	0	-1	1	8.93	0	1	0	-1	DNA2	-1	TRUE	A3
RRAD;A3:chr16:66959106-66959312:66959097-66959312:-	1.56404013756e-07	0	0.59	0	1	1	0	0	0.2	0	1	1	1	0.74	0	1	0	-1	RRAD	0.333333333333333	TRUE	A3
PRPF40B;A3:chr12:50031607-50035691:50031607-50035712:+	0.8747049	0.58	0.08	0.8787879	0.1212121	-0.7575758	1	0.89	0	1	0	-1	0.8603141	0.67	0.1	0.8701299	0.1298701	-0.7402597	PRPF40B	-0.8326118	TRUE	A3
BUB3;A3:chr10:124922344-124923336:124922344-124924563:+	0.34159105808	107.7	224.05	0.324642049736247	0.675357950263753	0.350715900527506	0.316315817382	109.15	233.25	0.318779205607477	0.681220794392523	0.362441588785047	0.330826392593	108.97	239.93	0.312324448265979	0.687675551734021	0.375351103468042	BUB3	0.3628361976	TRUE	A3
KIAA1549;A3:chr7:138522905-138524878:138522857-138524878:-	0.674172980697	1.6	0.77	0.675105485232067	0.324894514767932	-0.350210970464135	0.849559173282	2.35	0.53	0.815972222222222	0.184027777777778	-0.631944444444445	0.913205295388	2.49	0.23	0.915441176470588	0.0845588235294118	-0.830882352941176	KIAA1549	-0.604345922466667	TRUE	A3
TRPM7;A3:chr15:50875356-50878589:50875353-50878589:-	0.798685511734	2.71	0.75	0.783236994219653	0.216763005780347	-0.566473988439306	0.497635647946	2.48	2.53	0.49500998003992	0.50499001996008	0.00998003992015967	0.788147769387	3.21	0.87	0.786764705882353	0.213235294117647	-0.573529411764706	TRPM7	-0.376674453366667	TRUE	A3
CSRP2;A5:chr12:77260041-77272718:77260041-77272743:-	0.649688149688	21	13.67	0.605710989327949	0.394289010672051	-0.211421978655898	0.74565950358	23.02	8.52	0.729866835764109	0.270133164235891	-0.459733671528218	0.795553317521	24.08	8.69	0.734818431492218	0.265181568507782	-0.469636862984437	CSRP2	-0.380264171166667	TRUE	A5
MTFR2;A5:chr6:136570291-136571114:136570291-136571402:-	0.324068070263	4.74	14.97	0.240487062404871	0.759512937595129	0.519025875190259	0.313575678008	4.44	14.95	0.228984012377514	0.771015987622486	0.542031975244972	0.339781548331	5.55	14.64	0.274888558692422	0.725111441307578	0.450222882615156	MTFR2	0.5037602444	TRUE	A5
C17orf53;A3:chr17:42230145-42231921:42230145-42231924:+	0	0	11.04	0	1	1	0.183146303635	1.74	9.33	0.157181571815718	0.842818428184282	0.685636856368564	0.0638523392184	0.32	9.02	0.0342612419700214	0.965738758029979	0.931477516059957	C17orf53	0.872371457466667	TRUE	A3
PARK7;A5:chr1:8021853-8022823:8021795-8022823:+	0.336350664407	132.24	286.99	0.315435441165947	0.684564558834053	0.369129117668106	0.35775015849	134.44	275.06	0.328302808302808	0.671697191697192	0.343394383394383	0.326434928432	118.67	268.6	0.306427040566013	0.693572959433987	0.387145918867973	PARK7	0.366556473466667	TRUE	A5
STK16;A5:chr2:220110518-220110618:220110244-220110618:+	0.0568159318522	1.06	18.23	0.0549507516848108	0.945049248315189	0.890098496630379	0.062966079672	0.96	15.71	0.0575884823035393	0.942411517696461	0.884823035392921	0.01934019814	0.32	16.43	0.0191044776119403	0.98089552238806	0.961791044776119	STK16	0.9122375258	TRUE	A5
TTC13;A3:chr1:231052048-231056256:231052045-231056256:-	0.674266620074	10.51	6.18	0.629718394248053	0.370281605751947	-0.259436788496105	0.654663865546	11.5	7.36	0.609756097560976	0.390243902439024	-0.219512195121951	0.647578463646	10.55	7.2	0.594366197183099	0.405633802816901	-0.188732394366197	TTC13	-0.222560459033333	TRUE	A3
DOCK1;A3:chr10:128807068-128810496:128807068-128810559:+	0.152197109893	2.21	12.42	0.151059466848941	0.84894053315106	0.697881066302119	0.211394112782	3.47	13.93	0.199425287356322	0.800574712643678	0.601149425287356	0.204954631316	3.32	13.26	0.200241254523522	0.799758745476478	0.599517490952955	DOCK1	0.632849327433333	TRUE	A3
AP3B1;A5:chr5:77563419-77590264:77563419-77590276:-	0.0401655866557	2.15	55.4	0.0373588184187663	0.962641181581234	0.925282363162467	0	0	62.31	0	1	1	0	0	61.58	0	1	1	AP3B1	0.975094121	TRUE	A5
NUF2;A5:chr1:163292002-163295822:163291856-163295822:+	0.784807965305	38.38	18.14	0.679051663128096	0.320948336871904	-0.358103326256193	0.726744242221	35.72	22.2	0.61671270718232	0.38328729281768	-0.233425414364641	0.766417166657	37.7	18.59	0.669745958429561	0.330254041570439	-0.339491916859122	NUF2	-0.310340219133333	TRUE	A5
