event_id	SRR1513329_Sample1	tpm1_sample1	tpm2_sample1	PSI_original_sample1	PSI_switched_sample1	DeltaPSI_sample1	SRR1513330_Sample1	tpm1_sample2	tpm2_sample2	PSI_original_sample2	PSI_switched_sample2	DeltaPSI_sample2	SRR1513331_Sample1	tpm1	tpm2	PSI_original	PSI_switched	DeltaPSI	gene	meanDeltaPSI	significant	event_type
ABHD17A;SE:chr19:1880114-1880895:1881047-1881234:-	0	0.28	98.89	0.00282343450640315	0.997176565493597	0.994353130987194	0	0.14	86.06	0.00162412993039443	0.998375870069606	0.996751740139211	0.0033751532498	0.38	88	0.00429961529757864	0.995700384702421	0.991400769404843	ABHD17A	0.9941685467	TRUE	SE
ACOT13;SE:chr6:24667572-24687633:24687921-24698111:+	0.0229043124854	0.17	11.2	0.0149516270888303	0.98504837291117	0.97009674582234	0.0252452270868	0.25	10.78	0.0226654578422484	0.977334542157752	0.954669084315503	0.0483947774274	0.53	10.47	0.0481818181818182	0.951818181818182	0.903636363636364	ACOT13	0.942800731433333	TRUE	SE
ADTRP;SE:chr6:11768616-11770264:11770317-11778840:-	0.668147721218	1.1	1.25	0.468085106382979	0.531914893617021	0.0638297872340425	1	2.2	0	1	0	-1	1	1.91	0	1	0	-1	ADTRP	-0.645390071	TRUE	SE
AFF3;SE:chr2:100625394-100627959:100628033-100720864:-	0.995443685299	0.33	0	1	0	-1	0.995235285972	0.5	0	1	0	-1	0.994691768377	0.29	0	1	0	-1	AFF3	-1	TRUE	SE
AGO2;SE:chr8:141542714-141545567:141545668-141549419:-	1	13.09	0	1	0	-1	1	17.33	0	1	0	-1	0.98433416087	14.67	0.28	0.981270903010034	0.0187290969899666	-0.962541806020067	AGO2	-0.987513935333333	TRUE	SE
ALDH5A1;SE:chr6:24505213-24512058:24512096-24515395:+	0	0	1.89	0	1	1	0	0	2.05	0	1	1	0	0	2.1	0	1	1	ALDH5A1	1	TRUE	SE
ALG2;SE:chr9:101981118-101983261:101983419-101983829:-	0.365950739775	10.78	25.65	0.295909964315125	0.704090035684875	0.40818007136975	0.286389445399	8.58	28.94	0.228678038379531	0.771321961620469	0.542643923240938	0.261898207298	7.84	30.43	0.204860203814999	0.795139796185001	0.590279592370003	ALG2	0.5137011954	TRUE	SE
AMIGO2;SE:chr12:47472848-47472930:47473031-47473245:-	0.936828159225	25.99	5.6	0.822728711617601	0.1772712883824	-0.645457423235201	0.941353866652	33.49	5.84	0.851512840071193	0.148487159928808	-0.703025680142385	0.904893550892	29.28	8.06	0.784145688269952	0.215854311730048	-0.568291376539904	AMIGO2	-0.6389248267	TRUE	SE
ANKRD13D;SE:chr11:67057021-67057300:67057436-67057549:+	0.126926574942	1.57	12.62	0.110641296687808	0.889358703312192	0.778717406624383	0.174386890482	1.31	11.04	0.106072874493927	0.893927125506073	0.787854251012146	0.0532332304031	0.58	11.96	0.0462519936204147	0.953748006379585	0.907496012759171	ANKRD13D	0.824689223666667	TRUE	SE
AP1M1;SE:chr19:16319988-16321171:16321206-16337232:+	0.0165510192521	2.63	148.23	0.0174333819435238	0.982566618056476	0.965133236112952	0.0186211275248	1.78	132.65	0.0132410920181507	0.986758907981849	0.973517815963699	0.0347711013381	2.81	132.94	0.0206998158379374	0.979300184162063	0.958600368324125	AP1M1	0.965750473333333	TRUE	SE
AP1S2;SE:chrX:15845495-15846315:15846323-15863502:-	0.0148527223892	0.69	44.28	0.0153435623749166	0.984656437625083	0.969312875250167	0	0	51.91	0	1	1	0.00693812654514	0.33	46.95	0.00697969543147208	0.993020304568528	0.986040609137056	AP1S2	0.985117828	TRUE	SE
APEX2;SE:chrX:55028062-55028684:55028864-55029395:+	0.88268482587	42.48	11.34	0.789297658862876	0.210702341137124	-0.578595317725753	0.792994962008	38.94	18.37	0.679462571976967	0.320537428023033	-0.358925143953935	0.84497824987	44.09	15.63	0.738278633623577	0.261721366376423	-0.476557267247153	APEX2	-0.471359243	TRUE	SE
APPBP2;SE:chr17:58571978-58577760:58577848-58603155:-	0.999997268754	10.08	0	1	0	-1	1	13.17	0	1	0	-1	1	12.44	0	1	0	-1	APPBP2	-1	TRUE	SE
ARFGAP3;SE:chr22:43230331-43231368:43231499-43236950:-	1	19.41	0	1	0	-1	0.965528125203	17.52	1.87	0.903558535327488	0.0964414646725116	-0.807117070654977	1	20.57	0	1	0	-1	ARFGAP3	-0.935705690233333	TRUE	SE
ARHGAP17;SE:chr16:24946960-24950685:24950918-24953308:-	0.719476259199	11.43	7.6	0.600630583289543	0.399369416710457	-0.201261166579086	0.705591035667	11.95	8.12	0.595416043846537	0.404583956153463	-0.190832087693074	0.818385967579	16.07	6.06	0.726163578852237	0.273836421147763	-0.452327157704474	ARHGAP17	-0.2814734709	TRUE	SE
ARID1B;SE:chr6:157150555-157192748:157192786-157222510:+	0	0	2.22	0	1	1	0	0	2.76	0	1	1	0	0	2.55	0	1	1	ARID1B	1	TRUE	SE
ARL8A;SE:chr1:202104348-202104587:202104654-202104835:-	0.973443559882	21.27	0.61	0.972120658135283	0.0278793418647166	-0.944241316270567	0.988267721325	26.58	0.34	0.987369985141159	0.012630014858841	-0.974739970282318	0.947422230251	21.79	1.07	0.953193350831146	0.0468066491688539	-0.906386701662292	ARL8A	-0.941789329433333	TRUE	SE
ARMC1;SE:chr8:66517773-66525479:66525668-66534498:-	1	29.11	0	1	0	-1	1	31.1	0	1	0	-1	1	29.62	0	1	0	-1	ARMC1	-1	TRUE	SE
ASAH2;SE:chr10:51970664-51970790:51970894-51972732:-	0	0	1.15	0	1	1	0	0	1.33	0	1	1	0	0	1.29	0	1	1	ASAH2	1	TRUE	SE
ASAP2;SE:chr2:9528675-9531191:9531325-9533611:+	0.217051364203	2.59	9.74	0.210056772100568	0.789943227899432	0.579886455798865	0.263677672294	4.07	13.08	0.23731778425656	0.76268221574344	0.525364431486881	0.289733109172	4.59	11.83	0.279537149817296	0.720462850182704	0.440925700365408	ASAP2	0.515392195833333	TRUE	SE
ATP11C;SE:chrX:138811121-138813810:138813914-138820075:-	0.348728276835	1.1	3.2	0.255813953488372	0.744186046511628	0.488372093023256	0.508133075863	3.24	3.13	0.508634222919937	0.491365777080063	-0.0172684458398744	0.316516291773	1.7	4.06	0.295138888888889	0.704861111111111	0.409722222222222	ATP11C	0.293608623066667	TRUE	SE
ATP5I;SE:chr4:667190-667701:667755-668001:-	0.902440804041	151.01	19.17	0.887354565753908	0.112645434246092	-0.774709131507815	0.918921333449	159.44	17.24	0.902422458682364	0.0975775413176364	-0.804844917364727	0.95009945412	164.31	9.21	0.946922544951591	0.0530774550484094	-0.893845089903181	ATP5I	-0.8244663798	TRUE	SE
ATP5L;SE:chr11:118272432-118276372:118276424-118277652:+	0.0332044635281	9.15	352.05	0.0253322259136213	0.974667774086379	0.949335548172758	0.0332671776551	9.59	362.76	0.0257553377198872	0.974244662280113	0.948489324560226	0.0332239096714	9.24	379.25	0.0237843959947489	0.976215604005251	0.952431208010502	ATP5L	0.9500853602	TRUE	SE
ATP6V1B1-AS1;SE:chr2:71169563-71174664:71174801-71175357:-	0.892411950448	5.6	1.04	0.843373493975904	0.156626506024096	-0.686746987951807	0.776811149227	5.56	2.39	0.69937106918239	0.30062893081761	-0.39874213836478	0.891270440741	5.22	1.1	0.825949367088608	0.174050632911392	-0.651898734177215	ATP6V1B1-AS1	-0.5791292868	TRUE	SE
ATP6V1F;SE:chr7:128503116-128505174:128505257-128505431:+	0.0245675434282	5.37	264.06	0.0199309653713395	0.98006903462866	0.960138069257321	0.0255595915151	4.87	240.44	0.0198524316171375	0.980147568382862	0.960295136765725	0.0154690933117	3.51	266.34	0.0130072262367982	0.986992773763202	0.973985547526404	ATP6V1F	0.964806251266667	TRUE	SE
ATRX;SE:chrX:76944420-76949313:76949426-76952065:-	0.532002828386	1.74	1.92	0.475409836065574	0.524590163934426	0.0491803278688524	0.824570942084	5.23	1.07	0.83015873015873	0.16984126984127	-0.66031746031746	0.62352524216	3.99	1.6	0.713774597495528	0.286225402504472	-0.427549194991055	ATRX	-0.346228775766667	TRUE	SE
B3GALNT2;SE:chr1:235658138-235659496:235659618-235667441:-	0.0194502933673	0.45	21.89	0.0201432408236347	0.979856759176365	0.959713518352731	0.0307269549415	0.93	26.97	0.0333333333333333	0.966666666666667	0.933333333333333	0.0446650286564	1.1	25.59	0.0412139378044211	0.958786062195579	0.917572124391158	B3GALNT2	0.936872991766667	TRUE	SE
BAZ1A;SE:chr14:35255207-35255332:35255427-35261981:-	1	20.64	0	1	0	-1	1	25.47	0	1	0	-1	0.98561686382	23.78	0.56	0.976992604765818	0.0230073952341824	-0.953985209531635	BAZ1A	-0.984661736666667	TRUE	SE
BBS12;SE:chr4:123654039-123655059:123655246-123663038:+	0	0	1.68	0	1	1	0	0	1.89	0	1	1	0	0	2.22	0	1	1	BBS12	1	TRUE	SE
BTBD1;SE:chr15:83687605-83689427:83689514-83698888:-	1	67.05	0	1	0	-1	0.98919624829	73.48	0.93	0.987501679881736	0.0124983201182637	-0.975003359763473	0.993287934152	75.56	0.55	0.992773617133097	0.00722638286690317	-0.985547234266194	BTBD1	-0.986850197933333	TRUE	SE
BTG3;SE:chr21:18971142-18976463:18976594-18977178:-	0.184498532123	8.51	47.6	0.151666369631082	0.848333630368918	0.696667260737836	0.162312327779	7.06	52.75	0.118040461461294	0.881959538538706	0.763919077077412	0.19059138279	8.53	47.83	0.151348474095103	0.848651525904897	0.697303051809794	BTG3	0.719296463366667	TRUE	SE
C14orf2;SE:chr14:104381526-104387277:104387545-104387807:-	0.00866661720449	3.35	461.08	0.00721314299248541	0.992786857007515	0.985573714015029	0.00646653830202	2.57	480.3	0.00532234348789529	0.994677656512105	0.989355313024209	0.00974506014855	3.52	428.6	0.00814588540220309	0.991854114597797	0.983708229195594	C14orf2	0.986212418666667	TRUE	SE
C16orf46;SE:chr16:81097598-81099798:81099886-81110741:-	0.41441236214	0.93	0.98	0.486910994764398	0.513089005235602	0.0261780104712042	0.313149875721	0.56	1.3	0.301075268817204	0.698924731182796	0.397849462365591	0.40216628498	0.76	1.17	0.393782383419689	0.606217616580311	0.212435233160622	C16orf46	0.212154235133333	TRUE	SE
C18orf25;SE:chr18:43796561-43819971:43820153-43833663:+	0.213098693918	2.1	4.7	0.308823529411765	0.691176470588235	0.382352941176471	0.275267972338	1.78	6.85	0.206257242178447	0.793742757821553	0.587485515643105	0.100433561153	0.83	8.16	0.0923248053392658	0.907675194660734	0.815350389321468	C18orf25	0.595062948533333	TRUE	SE
C1orf50;SE:chr1:43233061-43233180:43233295-43239234:+	0.959121874335	12.62	0.69	0.948159278737791	0.0518407212622089	-0.896318557475582	1	15.52	0	1	0	-1	0.957040679394	16.6	0.9	0.948571428571429	0.0514285714285714	-0.897142857142857	C1orf50	-0.931153804666667	TRUE	SE
C21orf59;SE:chr21:33976593-33979959:33980026-33982148:-	1	75.09	0	1	0	-1	0.973254294718	72.78	2.52	0.966533864541833	0.0334661354581673	-0.933067729083665	0.989647482035	76.89	0.5	0.993539216953095	0.00646078304690528	-0.987078433906189	C21orf59	-0.973382054366667	TRUE	SE
C4orf22;SE:chr4:81504337-81529487:81529537-81791147:+	0	0	0.12	0	1	1	0	0	0.37	0	1	1	0	0	0.34	0	1	1	C4orf22	1	TRUE	SE
CA2;SE:chr8:86377698-86385922:86386040-86386553:+	1	0.74	0	1	0	-1	1	1.18	0	1	0	-1	1	0.97	0	1	0	-1	CA2	-1	TRUE	SE
CCDC43;SE:chr17:42756411-42757953:42758011-42759371:-	0.990020090466	45.42	0.62	0.986533449174631	0.0134665508253692	-0.973066898349262	0.992101469771	54.1	0.57	0.989573806475215	0.0104261935247851	-0.97914761295043	0.973694354029	49.36	2.34	0.954738878143133	0.0452611218568665	-0.909477756286267	CCDC43	-0.953897422333333	TRUE	SE
CCDC50;SE:chr3:191087825-191092851:191093378-191097948:+	0.00482698011139	0.12	28.51	0.0041914076143905	0.995808592385609	0.991617184771219	0.0043683340966	0.12	32.67	0.00365965233302836	0.996340347666972	0.992680695333943	0.00797442514844	0.21	30.88	0.00675458346735285	0.993245416532647	0.986490833065294	CCDC50	0.990262904433333	TRUE	SE
CCT4;SE:chr2:62107529-62110594:62110683-62112155:-	0.990619340251	457.48	19.12	0.959882501049098	0.0401174989509022	-0.919765002098196	0.986859091687	458.03	31.97	0.934755102040816	0.0652448979591837	-0.869510204081633	0.996327448196	474.71	9.37	0.980643695256982	0.0193563047430177	-0.961287390513965	CCT4	-0.916854199033333	TRUE	SE
CD82;SE:chr11:44626732-44626905:44626979-44636822:+	1	261.42	1.31	0.99501389258935	0.00498610741064972	-0.9900277851787	1	254.75	0	1	0	-1	1	263.33	0	1	0	-1	CD82	-0.996675928333333	TRUE	SE
CDC25A;SE:chr3:48219478-48222211:48222330-48224419:-	0.860093422572	29.01	7.34	0.798074277854195	0.201925722145805	-0.596148555708391	0.917493050976	37.49	4.51	0.892619047619048	0.107380952380952	-0.785238095238095	0.892002949663	33.62	6.73	0.833209417596035	0.166790582403965	-0.666418835192069	CDC25A	-0.682601828733333	TRUE	SE
CDC42SE2;SE:chr5:130599859-130651669:130651837-130694902:+	0.838768813788	12.83	6.15	0.675974710221286	0.324025289778714	-0.351949420442571	0.844975815929	16.34	6.24	0.723649247121346	0.276350752878654	-0.447298494242693	0.9422964726	18.89	2.72	0.874132346136048	0.125867653863952	-0.748264692272096	CDC42SE2	-0.5158375354	TRUE	SE
CDH24;SE:chr14:23519152-23521179:23521292-23521682:-	0.366935762849	3.59	6.68	0.349561830574489	0.650438169425511	0.300876338851022	0.450053701537	4.37	7.22	0.377049180327869	0.622950819672131	0.245901639344262	0.316083455813	3.31	8.67	0.276293823038397	0.723706176961603	0.447412353923205	CDH24	0.331396777433333	TRUE	SE
CENPU;SE:chr4:185618957-185621974:185622035-185623243:-	0.984823357671	40.07	0.69	0.983071638861629	0.016928361138371	-0.966143277723258	0.950998148834	40.93	2.3	0.946796206338191	0.0532037936618089	-0.893592412676382	0.974093731213	39.7	1.21	0.970422879491567	0.0295771205084331	-0.940845758983134	CENPU	-0.9335271499	TRUE	SE
CEP120;SE:chr5:122754209-122758644:122758724-122759203:-	0.349962217163	2.51	6.5	0.27857935627081	0.72142064372919	0.44284128745838	0.636126310843	4.3	7.79	0.355665839536807	0.644334160463193	0.288668320926385	0.712279558849	3.39	7.87	0.301065719360568	0.698934280639432	0.397868561278863	CEP120	0.376459389633333	TRUE	SE
CEP162;SE:chr6:84925640-84927517:84927578-84930775:-	0	0	0.83	0	1	1	0	0	0.98	0	1	1	2.64254752191e-09	0	0.87	0	1	1	CEP162	1	TRUE	SE
CFAP36;SE:chr2:55747052-55747541:55747615-55749238:+	0	0	46.98	0	1	1	0.0157809843929	0.57	48.53	0.0116089613034623	0.988391038696538	0.976782077393075	0	0	51.27	0	1	1	CFAP36	0.992260692466667	TRUE	SE
CHIC1;SE:chrX:72899217-72899489:72899548-72900790:+	1	4.15	0	1	0	-1	1	5	0.96	0.838926174496644	0.161073825503356	-0.677852348993289	1	5.6	0	1	0	-1	CHIC1	-0.892617449666667	TRUE	SE
CHRFAM7A;SE:chr15:30672602-30675522:30675585-30679066:-	1	1.03	0	1	0	-1	0.817910588415	0.6	0.13	0.821917808219178	0.178082191780822	-0.643835616438356	1	1.03	0	1	0	-1	CHRFAM7A	-0.8812785388	TRUE	SE
CHRNA1;SE:chr2:175622403-175622674:175622748-175624059:-	0.412708890556	0.75	2.22	0.252525252525252	0.747474747474748	0.494949494949495	0	0	3.51	0	1	1	0	0	2.54	0	1	1	CHRNA1	0.831649831666667	TRUE	SE
COPS8;SE:chr2:237994685-237995375:237995439-237995770:+	0.191233708639	10.91	58.04	0.158230601885424	0.841769398114576	0.683538796229151	0.126781000133	7.59	64.34	0.105519254831086	0.894480745168914	0.788961490337828	0.155645073516	9.21	65.27	0.123657357679914	0.876342642320086	0.752685284640172	COPS8	0.741728523766667	TRUE	SE
CPA4;SE:chr7:129939244-129940656:129940754-129944318:+	1	17.99	0	1	0	-1	1	19.61	0	1	0	-1	1	19.06	0	1	0	-1	CPA4	-1	TRUE	SE
CPSF6;SE:chr12:69651685-69651815:69651925-69652370:+	0.138833452054	3.46	26.71	0.114683460391117	0.885316539608883	0.770633079217766	0.146124682358	4.15	28.28	0.127967930928153	0.872032069071847	0.744064138143694	0.139460762353	3.86	30.15	0.113496030579241	0.886503969420759	0.773007938841517	CPSF6	0.762568385366667	TRUE	SE
CRACR2B;SE:chr11:830713-830866:831032-831224:+	0.769642850833	2.21	0.1	0.956709956709957	0.0432900432900433	-0.913419913419913	0.893363070949	1.91	0.31	0.86036036036036	0.13963963963964	-0.720720720720721	0.661005625784	1.6	0.77	0.675105485232067	0.324894514767932	-0.350210970464135	CRACR2B	-0.661450534566667	TRUE	SE
CRLF3;SE:chr17:29124416-29130919:29131126-29151541:-	0.98026879523	22.52	0.63	0.972786177105832	0.0272138228941685	-0.945572354211663	0.988425306029	29.18	0.43	0.9854778790949	0.0145221209050996	-0.970955758189801	1	26.96	0	1	0	-1	CRLF3	-0.9721760374	TRUE	SE
CRTC1;SE:chr19:18853836-18854918:18854965-18856633:+	0	0	4.28	0	1	1	0	0	4	0	1	1	0	0	4.5	0	1	1	CRTC1	1	TRUE	SE
CSPP1;SE:chr8:68049838-68062018:68062170-68066259:+	1	3.13	0	1	0	-1	1	3.95	0	1	0	-1	1	3.67	0	1	0	-1	CSPP1	-1	TRUE	SE
CTBP1;SE:chr4:1232125-1235113:1235307-1242704:-	0.925120622472	27.32	6.1	0.817474566128067	0.182525433871933	-0.634949132256134	0.933349530288	27.73	8.76	0.759934228555769	0.240065771444231	-0.519868457111537	0.944781720579	28.73	7.15	0.800724637681159	0.199275362318841	-0.601449275362319	CTBP1	-0.585422288033333	TRUE	SE
CTNNBIP1;SE:chr1:9938047-9943763:9943796-9970153:-	0.161193913811	2.17	13.28	0.140453074433657	0.859546925566343	0.719093851132686	0.124375759982	1.92	13.59	0.123791102514507	0.876208897485493	0.752417794970986	0.253916191778	3.96	11.09	0.26312292358804	0.73687707641196	0.47375415282392	CTNNBIP1	0.648421933	TRUE	SE
CTNNBL1;SE:chr20:36322554-36355704:36355804-36361281:+	0.00134254165415	0.21	173.51	0.001208841814414	0.998791158185586	0.997582316371172	0.00547697913499	1	161.8	0.00614250614250614	0.993857493857494	0.987714987714988	0.00132039419282	0	164.88	0	1	1	CTNNBL1	0.995099101233333	TRUE	SE
CWC25;SE:chr17:36971350-36971878:36971994-36977154:-	0	0	21.68	0	1	1	0.0133541099874	0.26	21.52	0.0119375573921028	0.988062442607897	0.976124885215794	0	0	20.01	0	1	1	CWC25	0.9920416284	TRUE	SE
CYP24A1;SE:chr20:52773828-52773927:52774124-52774625:-	0.812231403356	2.71	0.87	0.756983240223464	0.243016759776536	-0.513966480446927	0.792833543945	4.08	1.19	0.774193548387097	0.225806451612903	-0.548387096774194	0.926122693777	5.13	0.45	0.919354838709677	0.0806451612903226	-0.838709677419355	CYP24A1	-0.633687751266667	TRUE	SE
DAAM1;SE:chr14:59798638-59805103:59805132-59806792:+	2.62875396461e-10	0	3.4	0	1	1	0	0	4.21	0	1	1	0	0	4.45	0	1	1	DAAM1	1	TRUE	SE
DAGLB;SE:chr7:6465745-6470111:6470238-6472468:-	0.963021074894	29.49	4.08	0.87846291331546	0.12153708668454	-0.75692582663092	0.960238099253	28.15	2.7	0.912479740680713	0.0875202593192869	-0.824959481361426	0.959293157877	27.85	3.74	0.881608103830326	0.118391896169674	-0.763216207660652	DAGLB	-0.781700505466667	TRUE	SE
DAP;SE:chr5:10681281-10683641:10683683-10748287:-	0.995971874483	204.31	0	1	0	-1	0.998002643104	213.51	0	1	0	-1	0.998142836949	212.22	0	1	0	-1	DAP	-1	TRUE	SE
DARS;SE:chr2:136736936-136740967:136741024-136742973:-	1	65.08	0	1	0	-1	1	68.21	0	1	0	-1	1	69.95	0	1	0	-1	DARS	-1	TRUE	SE
DDO;SE:chr6:110714545-110725977:110726153-110729537:-	1	0.39	0	1	0	-1	1	0.34	0	1	0	-1	1	0.47	0	1	0	-1	DDO	-1	TRUE	SE
DDX42;SE:chr17:61851736-61852468:61852538-61864394:+	0.218831852029	9.03	42.27	0.176023391812865	0.823976608187134	0.647953216374269	0.208689008047	10.31	47.76	0.177544343034269	0.822455656965731	0.644911313931462	0.14757739285	6.35	44.73	0.124314800313234	0.875685199686766	0.751370399373532	DDX42	0.681411642966667	TRUE	SE
DDX47;SE:chr12:12976253-12976804:12976950-12977474:+	1	111.47	0	1	0	-1	1	115.09	0	1	0	-1	1	109.46	0	1	0	-1	DDX47	-1	TRUE	SE
DEPDC1B;SE:chr5:59893741-59894902:59895087-59899218:-	0.990381221919	19.9	0.21	0.989557434112382	0.0104425658876181	-0.979114868224764	1	23.99	0	1	0	-1	0.991030130819	25.76	0.24	0.990769230769231	0.00923076923076923	-0.981538461538462	DEPDC1B	-0.986884443333333	TRUE	SE
DEPDC1;SE:chr1:68947295-68947729:68948580-68949633:-	0.319311712691	6.69	20.19	0.248883928571429	0.751116071428571	0.502232142857143	0.347188334619	9.79	23.05	0.298112058465286	0.701887941534714	0.403775883069428	0.349305125156	8.94	22	0.288946347769877	0.711053652230123	0.422107304460246	DEPDC1	0.442705110033333	TRUE	SE
DGAT2;SE:chr11:75480157-75495663:75495791-75501233:+	0.807939061813	6.76	4.59	0.595594713656388	0.404405286343612	-0.191189427312775	1	8.97	2.01	0.816939890710383	0.183060109289617	-0.633879781420765	0.780790844543	5.32	5.05	0.513018322082932	0.486981677917068	-0.0260366441658631	DGAT2	-0.2837019508	TRUE	SE
DNAJC27;SE:chr2:25170617-25174263:25174423-25179912:-	0.403078818848	0.32	0.5	0.390243902439024	0.609756097560976	0.219512195121951	1	0.72	0.17	0.808988764044944	0.191011235955056	-0.617977528089888	1	0.87	0	1	0	-1	DNAJC27	-0.466155111033333	TRUE	SE
DPY19L2P2;SE:chr7:102815858-102824449:102824574-102825885:-	1	0.14	0.24	0.368421052631579	0.631578947368421	0.263157894736842	0.999994963589	0.27	0.38	0.415384615384615	0.584615384615385	0.169230769230769	1	0.18	0.33	0.352941176470588	0.647058823529412	0.294117647058824	DPY19L2P2	0.2421687704	TRUE	SE
EFEMP1;SE:chr2:56149582-56150034:56150074-56150846:-	0.0866328954508	1.22	17.97	0.0635747785304846	0.936425221469515	0.872850442939031	0.149622603264	2.85	17.57	0.139569049951028	0.860430950048972	0.720861900097943	0.222611516006	3.8	14.36	0.209251101321586	0.790748898678414	0.581497797356828	EFEMP1	0.7250700467	TRUE	SE
EMC10;SE:chr19:50984234-50985118:50985204-50985406:+	0.0128378618181	0.3	30.28	0.00981033355134074	0.990189666448659	0.980379332897318	0	0	33.8	0	1	1	0.0125609552069	0.36	31.44	0.0113207547169811	0.988679245283019	0.977358490566038	EMC10	0.985912608	TRUE	SE
EMC4;SE:chr15:34520047-34520630:34520790-34521954:+	0.896238968407	98.45	26.16	0.790065002808763	0.209934997191237	-0.580130005617527	0.844824144115	87.45	30.89	0.738972452256211	0.261027547743789	-0.477944904512422	0.839572256694	90.93	29.69	0.753855082075941	0.246144917924059	-0.507710164151882	EMC4	-0.521928358166667	TRUE	SE
ENAH;SE:chr1:225688772-225692693:225692755-225695653:-	0.0403981274734	0.43	12.64	0.0328997704667177	0.967100229533282	0.934200459066565	0.00868533796796	0.16	18.14	0.0087431693989071	0.991256830601093	0.982513661202186	0.0405235163477	0.7	16.96	0.0396375990939977	0.960362400906002	0.920724801812005	ENAH	0.945812974066667	TRUE	SE
ESM1;SE:chr5:54275263-54277825:54277974-54281045:-	0	0	0.14	0	1	1	0	0	0.2	0	1	1	0	0	0.14	0	1	1	ESM1	1	TRUE	SE
EVI2A;SE:chr17:29646041-29647391:29647531-29648513:-	0.0415066134431	1.43	34.06	0.0402930402930403	0.95970695970696	0.919413919413919	0.0575131664174	1.87	35.31	0.0502958579881657	0.949704142011834	0.899408284023669	0.0419829102459	1.49	35.83	0.039924973204716	0.960075026795284	0.920150053590568	EVI2A	0.912990752333333	TRUE	SE
EVI5L;SE:chr19:7920954-7921978:7922010-7923077:+	0.267966043347	8.57	21.37	0.28623914495658	0.71376085504342	0.42752171008684	0.24476060889	7.96	22.73	0.259367872271098	0.740632127728902	0.481264255457804	0.306412721122	9.96	19.58	0.337169939065674	0.662830060934326	0.325660121868653	EVI5L	0.411482029166667	TRUE	SE
EXOSC3;SE:chr9:37780877-37781983:37782134-37783911:-	0.84647784016	51.28	10.54	0.829505014558395	0.170494985441605	-0.659010029116791	0.886721262078	55.02	8.38	0.86782334384858	0.13217665615142	-0.735646687697161	0.839522438259	54.79	11.35	0.828394315089205	0.171605684910795	-0.656788630178409	EXOSC3	-0.683815115566667	TRUE	SE
F3;SE:chr1:94996152-94997877:94998036-94998646:-	0.986344249882	498.59	9.68	0.980955004230035	0.0190449957699648	-0.96191000846007	0.991528086059	567.23	6.84	0.988085076732803	0.0119149232671974	-0.976170153465605	0.992501058751	562.13	5.76	0.98985719065312	0.0101428093468806	-0.979714381306239	F3	-0.972598180833333	TRUE	SE
FAM173A;SE:chr16:771941-772084:772134-772309:+	0.785329440704	14.69	4.26	0.775197889182058	0.224802110817942	-0.550395778364116	0.797740666787	12.19	3.2	0.792072774528915	0.207927225471085	-0.58414554905783	0.907108681664	11.81	1.32	0.899466869763899	0.100533130236101	-0.798933739527799	FAM173A	-0.644491689033333	TRUE	SE
FAM222A-AS1;SE:chr12:110173626-110179910:110179970-110211102:-	0	0	0.14	0	1	1	0	0	0.28	0	1	1	0	0	0.13	0	1	1	FAM222A-AS1	1	TRUE	SE
FAM64A;SE:chr17:6352727-6353348:6353392-6353682:+	0.974157425628	43.16	1.7	0.962104324565314	0.0378956754346857	-0.924208649130629	0.948459799974	43.61	2.6	0.943735122267907	0.0562648777320926	-0.887470244535815	0.969322860256	42.11	1.54	0.964719358533792	0.0352806414662085	-0.929438717067583	FAM64A	-0.913705870166667	TRUE	SE
FDXACB1;SE:chr11:111747735-111749280:111749436-111749685:-	1	3.72	0	1	0	-1	1	4.38	0	1	0	-1	0.954388231137	3.73	0.21	0.946700507614213	0.0532994923857868	-0.893401015228426	FDXACB1	-0.964467005	TRUE	SE
FLNA;SE:chrX:153583440-153585619:153585642-153585802:-	0.839749116518	322.74	63.78	0.834989133809376	0.165010866190624	-0.669978267618752	0.830464015086	315.26	68.41	0.821695728099669	0.178304271900331	-0.643391456199338	0.827301902976	300.41	65.46	0.821083991581709	0.178916008418291	-0.642167983163419	FLNA	-0.6518459024	TRUE	SE
FLNC;SE:chr7:128489632-128490030:128490128-128490438:+	0.96601141144	57.73	2.78	0.954057180631301	0.0459428193686994	-0.908114361262601	0.960765536603	56.88	3.98	0.934604009201446	0.0653959907985541	-0.869208018402892	0.955843760729	54.28	3.93	0.932485827177461	0.0675141728225391	-0.864971654354922	FLNC	-0.8807646778	TRUE	SE
FNIP1;SE:chr5:131044965-131046271:131046354-131052258:-	0	0	6.26	0	1	1	0.0944347198879	0.63	7.57	0.0768292682926829	0.923170731707317	0.846341463414634	0.052455957147	0.33	7.73	0.0409429280397022	0.959057071960298	0.918114143920596	FNIP1	0.921485202466667	TRUE	SE
FPR1;SE:chr19:52250258-52253456:52253506-52255067:-	0.161057881497	2.13	11.02	0.161977186311787	0.838022813688213	0.676045627376426	0.112585701149	1.47	12	0.10913140311804	0.89086859688196	0.78173719376392	0.0923710531477	1.21	12.46	0.0885149963423555	0.911485003657644	0.822970007315289	FPR1	0.7602509426	TRUE	SE
GALNT13;SE:chr2:155295238-155303110:155303277-155306923:+	0.150362594703	1.04	7.43	0.122786304604486	0.877213695395514	0.754427390791027	0.0611213792619	0.49	10.01	0.0466666666666667	0.953333333333333	0.906666666666667	0.0625453825759	0.64	9.42	0.0636182902584493	0.936381709741551	0.872763419483101	GALNT13	0.8446191589	TRUE	SE
GCSH;SE:chr16:81118199-81121206:81121269-81124206:-	0.987135979584	88.95	1.51	0.983307539243865	0.0166924607561353	-0.966615078487729	0.990917649006	91.1	0.96	0.989572018248968	0.0104279817510319	-0.979144036497936	0.991959025062	90.51	0.82	0.991021570130297	0.00897842986970327	-0.982043140260593	GCSH	-0.975934084833333	TRUE	SE
GFPT1;SE:chr2:69577315-69581391:69581444-69581621:-	0.012346180623	0.25	21.75	0.0113636363636364	0.988636363636364	0.977272727272727	0.0230634398241	0.62	27.82	0.0218002812939522	0.978199718706048	0.956399437412096	0.0148206747001	0.38	26.73	0.0140169679085208	0.985983032091479	0.971966064182958	GFPT1	0.968546076133333	TRUE	SE
GIT1;SE:chr17:27905797-27905980:27906006-27908356:-	0.0955021275587	3.43	37.02	0.084796044499382	0.915203955500618	0.830407911001236	0.080611257516	3.4	41.48	0.0757575757575758	0.924242424242424	0.848484848484849	0.100193093212	4.2	43.22	0.0885702235343737	0.911429776465626	0.822859552931253	GIT1	0.8339174375	TRUE	SE
GMFG;SE:chr19:39825950-39826075:39826171-39826614:-	0.923948082935	4.48	0.43	0.912423625254583	0.0875763747454175	-0.824847250509165	1	2.41	0	1	0	-1	0.797681614029	2.01	0.88	0.695501730103806	0.304498269896194	-0.391003460207612	GMFG	-0.738616903666667	TRUE	SE
GOT2;SE:chr16:58753159-58756054:58756182-58757650:-	1	230.25	0	1	0	-1	1	224.34	0	1	0	-1	0.995945618808	226.53	1.64	0.992812376736644	0.00718762326335627	-0.985624753473287	GOT2	-0.995208251	TRUE	SE
GPR63;SE:chr6:97247757-97279657:97279774-97285144:-	0	0	1.83	0	1	1	0.176131936491	0	2.39	0	1	1	0.0955891507919	0	2.64	0	1	1	GPR63	1	TRUE	SE
GRB2;SE:chr17:73317908-73321979:73322101-73328781:-	0.993357830537	107.4	0.29	0.997307085151825	0.00269291484817532	-0.994614170303649	0.988882059238	112.88	0.31	0.997261242159201	0.00273875784079866	-0.994522484318403	0.997908507665	113.78	0	1	0	-1	GRB2	-0.996378884766667	TRUE	SE
GTF2H1;SE:chr11:18344287-18347494:18347700-18354607:+	0.0554832210694	2.1	46.52	0.0431921020156314	0.956807897984368	0.913615795968737	0.0540997549409	1.57	54.5	0.0280007133939718	0.971999286606028	0.943998573212056	0.0773911481183	2.79	51.17	0.051704966641957	0.948295033358043	0.896590066716086	GTF2H1	0.9180681454	TRUE	SE
HADH;SE:chr4:108948916-108953483:108953533-108954332:+	0.00747301676159	0.17	35.56	0.0047579065211307	0.995242093478869	0.990484186957739	0.00584083824951	0	35.79	0	1	1	0	0	33.98	0	1	1	HADH	0.996828062333333	TRUE	SE
HERC6;SE:chr4:89345125-89345747:89345854-89349732:+	1	7.99	0	1	0	-1	1	9.66	0	1	0	-1	1	8.21	0	1	0	-1	HERC6	-1	TRUE	SE
HIBCH;SE:chr2:191069958-191073606:191073639-191077682:-	1	33.45	0	1	0	-1	0.974644285804	33.8	0.89	0.974344191409628	0.0256558085903719	-0.948688382819256	0.944493332199	30.33	1.78	0.944565555901588	0.0554344440984117	-0.889131111803177	HIBCH	-0.9459398316	TRUE	SE
HIRIP3;SE:chr16:30005129-30005227:30006164-30006424:-	0.797071760893	5.17	1.65	0.758064516129032	0.241935483870968	-0.516129032258065	0.938975705646	6.78	0.6	0.91869918699187	0.0813008130081301	-0.83739837398374	0.947698218811	6.43	0.41	0.940058479532164	0.0599415204678363	-0.880116959064327	HIRIP3	-0.744548121666667	TRUE	SE
IFT46;SE:chr11:118427760-118428453:118428605-118430500:-	0.143842663389	3.69	26.29	0.123082054703135	0.876917945296865	0.753835890593729	0.140753170516	3.18	23.56	0.118922961854899	0.881077038145101	0.762154076290202	0.0945677164473	2.46	27.7	0.0815649867374005	0.918435013262599	0.836870026525199	IFT46	0.784286664766667	TRUE	SE
IL11;SE:chr19:55879937-55880137:55880309-55881672:-	0.975438602258	54.15	1.23	0.977789815817985	0.0222101841820152	-0.95557963163597	0.967920353139	57.83	2.36	0.960790829041369	0.039209170958631	-0.921581658082738	0.992158841575	59.84	0.59	0.990236637431739	0.0097633625682608	-0.980473274863478	IL11	-0.952544855033333	TRUE	SE
IL18;SE:chr11:112020929-112024315:112024326-112025698:-	0.922151891718	104.08	8.76	0.922367954626019	0.0776320453739809	-0.844735909252038	0.896268942539	110.73	7.49	0.936643545931314	0.0633564540686855	-0.873287091862629	0.949813717101	102.74	5.41	0.949976883957466	0.0500231160425335	-0.899953767914933	IL18	-0.872658922966667	TRUE	SE
INCENP;SE:chr11:61908516-61908972:61908983-61912454:+	0.358645571279	11.44	22.18	0.340273646638905	0.659726353361095	0.319452706722189	0.313210795089	14.06	32.35	0.302951950010774	0.697048049989226	0.394096099978453	0.304664869222	13.64	30.97	0.305761040125532	0.694238959874468	0.388477919748935	INCENP	0.367342242333333	TRUE	SE
INSR;SE:chr19:7143101-7150508:7150543-7152737:-	1.14905830035e-10	0	1.9	0	1	1	0	0	2.28	0	1	1	0.271355061141	0.49	1.56	0.239024390243902	0.760975609756098	0.521951219512195	INSR	0.840650406666667	TRUE	SE
INTS12;SE:chr4:106621171-106624805:106624966-106629795:-	0.108207995429	2.02	20.4	0.0900981266726137	0.909901873327386	0.819803746654773	0.0333547560984	0.58	20.79	0.0271408516612073	0.972859148338793	0.945718296677585	0.0468879198394	0.86	21.26	0.038878842676311	0.961121157323689	0.922242314647378	INTS12	0.8959214529	TRUE	SE
IPO5P1;SE:chr19:23444546-23453020:23453094-23456878:-	0	0	1.01	0	1	1	1	1.15	0	1	0	-1	1	0.86	0	1	0	-1	IPO5P1	-0.333333333333333	TRUE	SE
ISCA2;SE:chr14:74960855-74960978:74961093-74961529:+	0.996014956843	55.46	0.24	0.995691202872531	0.00430879712746858	-0.991382405745063	1	54.73	0	1	0	-1	1	55.09	0	1	0	-1	ISCA2	-0.997127468666667	TRUE	SE
ISPD;SE:chr7:16348252-16415717:16415866-16445686:-	1	0.71	0	1	0	-1	1	0.92	0	1	0	-1	1	0.82	0	1	0	-1	ISPD	-1	TRUE	SE
JAM3;SE:chr11:134010665-134014136:134014288-134014687:+	0	0	0.38	0	1	1	0	0	0.24	0	1	1	0	0	0.14	0	1	1	JAM3	1	TRUE	SE
KARS;SE:chr16:75675621-75678181:75678360-75681476:-	0.17543490862	57.55	335.11	0.146564457800642	0.853435542199358	0.706871084398716	0.182237358813	55.77	322.85	0.147298082510169	0.852701917489832	0.705403834979663	0.180521883589	55.62	326.85	0.145423170444741	0.854576829555259	0.709153659110519	KARS	0.707142859333333	TRUE	SE
KBTBD3;SE:chr11:105929836-105947234:105947434-105948039:-	0.915714132687	0.5	0.05	0.909090909090909	0.0909090909090909	-0.818181818181818	0.448692888284	0.16	0.21	0.432432432432432	0.567567567567568	0.135135135135135	0.886548537073	0.49	0.07	0.875	0.125	-0.75	KBTBD3	-0.477682227633333	TRUE	SE
KDELR2;SE:chr7:6502806-6505702:6505954-6509227:-	0.995218017024	143.94	0.8	0.994472847865137	0.00552715213486251	-0.988945695730275	0.995669790171	148.18	0.63	0.995766413547477	0.00423358645252335	-0.991532827094953	0.994305194216	154.81	1.2	0.992308185372733	0.00769181462726748	-0.984616370745465	KDELR2	-0.9883649647	TRUE	SE
KIAA0232;SE:chr4:6784568-6806250:6806333-6825912:+	0	0	1.92	0	1	1	0.442872766167	1.53	1.33	0.534965034965035	0.465034965034965	-0.0699300699300699	0.253334401245	0.56	1.93	0.224899598393574	0.775100401606426	0.550200803212851	KIAA0232	0.4934235777	TRUE	SE
KIF25;SE:chr6:168442831-168443241:168443396-168445507:+	0	0	0.22	0	1	1	0.432653490386	0.16	0.2	0.444444444444444	0.555555555555556	0.111111111111111	1	0.13	0.13	0.5	0.5	0	KIF25	0.370370370366667	TRUE	SE
KITLG;SE:chr12:88900914-88909311:88909394-88910111:-	0.938601488591	6.41	0.78	0.891515994436718	0.108484005563282	-0.783031988873435	0.905723063991	8.02	1.55	0.8380355276907	0.1619644723093	-0.6760710553814	0.970595737427	8.66	0.3	0.966517857142857	0.0334821428571429	-0.933035714285714	KITLG	-0.797379586133333	TRUE	SE
KLHL22;SE:chr22:20819863-20825637:20825802-20843272:-	1	4.29	0	1	0	-1	1	4.25	0	1	0	-1	0.913348460516	3.8	0.45	0.894117647058823	0.105882352941176	-0.788235294117647	KLHL22	-0.929411764666667	TRUE	SE
KPNA1;SE:chr3:122172848-122176573:122176695-122180071:-	0.0114915777927	0.3	29.54	0.0100536193029491	0.989946380697051	0.979892761394102	0.0104332373501	0.3	33.71	0.00882093501911203	0.991179064980888	0.982358129961776	0.0236429984136	0.34	33.03	0.0101887923284387	0.989811207671561	0.979622415343122	KPNA1	0.980624435333333	TRUE	SE
KRAS;SE:chr12:25362845-25368371:25368494-25378548:-	0.0182297995201	0.12	6.85	0.0172166427546628	0.982783357245337	0.965566714490674	0.0287195442528	0.21	10.54	0.0195348837209302	0.98046511627907	0.960930232558139	0.020111809028	0.19	9.33	0.0199579831932773	0.980042016806723	0.960084033613445	KRAS	0.9621936602	TRUE	SE
LANCL3;SE:chrX:37526742-37527621:37527703-37534907:+	0	0	0.36	0	1	1	0	0	0.29	0	1	1	0	0	0.37	0	1	1	LANCL3	1	TRUE	SE
LIF;SE:chr22:30640050-30640744:30640922-30642666:-	0.979878801373	34.91	1.16	0.967840310507347	0.0321596894926532	-0.935680621014694	0.98185122664	34.54	0.91	0.974330042313117	0.0256699576868829	-0.948660084626234	0.991333813159	37.72	0.55	0.985628429579305	0.0143715704206951	-0.97125685915861	LIF	-0.951865854866667	TRUE	SE
LOC100996579;SE:chr2:162101406-162101935:162101978-162103386:+	0.965037221474	10.88	0.45	0.960282436010591	0.0397175639894086	-0.920564872021183	1	12.05	0	1	0	-1	0.901316611655	11.53	0.75	0.938925081433225	0.0610749185667753	-0.877850162866449	LOC100996579	-0.932805011666667	TRUE	SE
LOC101928979;SE:chr1:145376692-145377017:145377311-145382056:-	1	0.6	0	1	0	-1	1	0.62	0	1	0	-1	0.595636883829	0.46	0.3	0.605263157894737	0.394736842105263	-0.210526315789474	LOC101928979	-0.736842105333333	TRUE	SE
LRRC14;SE:chr8:145743425-145744133:145744199-145744999:+	0.312264794881	0.57	6.2	0.0841949778434269	0.915805022156573	0.831610044313146	0.301140244207	1.48	4.54	0.245847176079734	0.754152823920266	0.508305647840532	0	0	5.85	0	1	1	LRRC14	0.779971897266667	TRUE	SE
LRRC42;SE:chr1:54412222-54413461:54413494-54417659:+	0.738419814372	27.52	10.74	0.719289074751699	0.280710925248301	-0.438578149503398	0.691407128893	23.82	12.82	0.650109170305677	0.349890829694323	-0.300218340611354	0.663317950685	23.35	14.2	0.621837549933422	0.378162450066578	-0.243675099866844	LRRC42	-0.3274905302	TRUE	SE
LRRC75A;SE:chr17:16347445-16351159:16351274-16365572:-	1	1.47	0	1	0	-1	1	1.11	0.23	0.828358208955224	0.171641791044776	-0.656716417910448	1	1.21	0	1	0	-1	LRRC75A	-0.8855721393	TRUE	SE
LSM14A;SE:chr19:34712643-34717313:34717369-34718270:+	0.343838313992	20.57	46.26	0.30779590004489	0.69220409995511	0.38440819991022	0.253789615706	19.26	63.18	0.233624454148472	0.766375545851528	0.532751091703057	0.338515528967	24.71	55.85	0.306727904667329	0.693272095332671	0.386544190665343	LSM14A	0.434567827566667	TRUE	SE
LSM4;SE:chr19:18423512-18426834:18426875-18433828:-	0.99329700689	239.28	1.87	0.992245490358698	0.00775450964130209	-0.984490980717396	0.99418697584	222.11	1.59	0.992892266428252	0.00710773357174788	-0.985784532856504	0.991331670452	211.55	1.9	0.991098617943312	0.00890138205668775	-0.982197235886624	LSM4	-0.9841575833	TRUE	SE
LY96;SE:chr8:74903789-74917031:74917120-74922236:+	0.794479344181	9.86	0.48	0.95357833655706	0.04642166344294	-0.90715667311412	0.9564659306	10.39	0.56	0.948858447488584	0.0511415525114155	-0.897716894977169	1	13.44	0	1	0	-1	LY96	-0.934957856	TRUE	SE
MAP3K6;SE:chr1:27690885-27691152:27691175-27691264:-	0.999999999976	9.49	0	1	0	-1	0.88760055205	7.68	1.17	0.867796610169492	0.132203389830508	-0.735593220338983	0.897585580862	7.47	1.05	0.876760563380282	0.123239436619718	-0.753521126760563	MAP3K6	-0.829704782433333	TRUE	SE
MAP4K3;SE:chr2:39526942-39535084:39535146-39536602:-	0.604125765114	4.95	3.68	0.573580533024334	0.426419466975666	-0.147161066048667	0.701065311506	7.92	4.16	0.655629139072848	0.344370860927152	-0.311258278145695	0.636797563334	6.97	4.6	0.602420051858254	0.397579948141746	-0.204840103716508	MAP4K3	-0.2210864827	TRUE	SE
MBOAT1;SE:chr6:20128984-20131375:20131430-20144451:-	0.995304963188	5.89	0	1	0	-1	0.880994256935	3.89	2.09	0.650501672240803	0.349498327759197	-0.301003344481605	1	6.73	0	1	0	-1	MBOAT1	-0.767001114833333	TRUE	SE
MCM3;SE:chr6:52147659-52148092:52148204-52149395:-	1	89.54	0	1	0	-1	0.996006103352	93.11	0.44	0.995296632816676	0.00470336718332443	-0.990593265633351	0.995868292555	92.4	0.5	0.994617868675996	0.00538213132400431	-0.989235737351991	MCM3	-0.9932763342	TRUE	SE
METTL21B;SE:chr12:58166911-58168412:58168550-58174038:+	0.113508635055	0.26	2.23	0.104417670682731	0.895582329317269	0.791164658634538	0.416351913046	0.86	1.49	0.365957446808511	0.634042553191489	0.268085106382979	0.261103235662	0.44	2.34	0.158273381294964	0.841726618705036	0.683453237410072	METTL21B	0.5809010008	TRUE	SE
MGEA5;SE:chr10:103559212-103559999:103560157-103563492:-	1	28.75	0	1	0	-1	0.992937358408	34.2	0.34	0.990156340474812	0.00984365952518819	-0.980312680949624	0.989757477391	31.68	1.08	0.967032967032967	0.032967032967033	-0.934065934065934	MGEA5	-0.9714595383	TRUE	SE
MPHOSPH9;SE:chr12:123707674-123710835:123710898-123712010:-	0.0201514082715	0.65	11.04	0.0556030795551754	0.944396920444825	0.888793840889649	0.0104552689436	0.85	14.7	0.0546623794212219	0.945337620578778	0.890675241157556	0	0.33	12.93	0.0248868778280543	0.975113122171946	0.950226244343891	MPHOSPH9	0.909898442066667	TRUE	SE
MRPL22;SE:chr5:154320825-154330381:154330498-154335931:+	0.934823034995	26.83	1.9	0.933867037939436	0.0661329620605639	-0.867734075878872	0.934765385862	29.61	1.87	0.940597204574333	0.0594027954256671	-0.881194409148666	0.937389300047	26.4	1.73	0.938499822253822	0.0615001777461785	-0.876999644507643	MRPL22	-0.8753093767	TRUE	SE
MRPL2;SE:chr6:43022224-43023283:43023356-43023635:-	0.950996135478	80.08	3.77	0.955038759689923	0.0449612403100775	-0.910077519379845	0.931237967145	75.23	5.91	0.927162928272122	0.0728370717278777	-0.854325856544245	0.89066077872	74.5	10.31	0.878434146916637	0.121565853083363	-0.756868293833274	MRPL2	-0.840423889833333	TRUE	SE
MRPL33;SE:chr2:27995559-27997291:27997397-28002300:+	0.703193123105	166.75	83.57	0.666147331415788	0.333852668584212	-0.332294662831576	0.705708639563	162.87	79.92	0.670826640306438	0.329173359693562	-0.341653280612875	0.688825842662	141.53	76.33	0.649637381804829	0.350362618195171	-0.299274763609658	MRPL33	-0.3244075692	TRUE	SE
MRPL47;SE:chr3:179319578-179320440:179320585-179322315:-	0.994745400084	157.53	0.99	0.993754731264194	0.00624526873580621	-0.987509462528388	0.9820758482	153.91	3.61	0.977082275266633	0.0229177247333672	-0.954164550533266	0.994213885929	162.77	1.22	0.992560521983048	0.00743947801695225	-0.985121043966096	MRPL47	-0.9755983525	TRUE	SE
MSMO1;SE:chr4:166248916-166254492:166254777-166258941:+	0.757211432041	28.02	15.31	0.646665128086776	0.353334871913224	-0.293330256173552	0.750931094302	30.57	18.09	0.628236744759556	0.371763255240444	-0.256473489519112	0.812747198922	37.41	14.34	0.722898550724638	0.277101449275362	-0.445797101449275	MSMO1	-0.331866948833333	TRUE	SE
MTX1;SE:chr1:155180418-155181918:155182010-155182176:+	0.889731490644	38.56	5.29	0.879361459521095	0.120638540478905	-0.758722919042189	0.926629263497	36.21	2.67	0.931327160493827	0.0686728395061728	-0.862654320987654	0.924631806055	35.37	2.6	0.931524888069528	0.0684751119304714	-0.863049776139057	MTX1	-0.828142338666667	TRUE	SE
MYO5A;SE:chr15:52632591-52635314:52635394-52638558:-	0.707253687763	3.73	1.82	0.672072072072072	0.327927927927928	-0.344144144144144	0.584128772124	4.1	3.01	0.576652601969058	0.423347398030942	-0.153305203938115	0.837716238936	5.2	0.87	0.85667215815486	0.14332784184514	-0.71334431630972	MYO5A	-0.403597887966667	TRUE	SE
NDUFAF1;SE:chr15:41680720-41686303:41686556-41687057:-	0.0254385941185	1.41	29.67	0.0453667953667954	0.954633204633205	0.909266409266409	0.057188793886	1.77	25.66	0.0645278891724389	0.935472110827561	0.870944221655122	0.0708032236647	2.35	25.63	0.0839885632594711	0.916011436740529	0.832022873481058	NDUFAF1	0.870744501233333	TRUE	SE
NEMF;SE:chr14:50272851-50280706:50280768-50281472:-	0.957003111186	16.89	1.02	0.943048576214405	0.0569514237855946	-0.886097152428811	0.985121568177	22.31	0.39	0.982819383259912	0.0171806167400881	-0.965638766519824	0.963463555397	19.58	0.95	0.953726254262056	0.0462737457379445	-0.907452508524111	NEMF	-0.919729475833333	TRUE	SE
NENF;SE:chr1:212606462-212615907:212615967-212617681:+	0.944529711774	68.08	4.43	0.938904978623638	0.0610950213763619	-0.877809957247276	0.944896383487	58.8	3.7	0.9408	0.0592	-0.8816	0.941449631915	63.69	4.77	0.930324276950044	0.0696757230499562	-0.860648553900088	NENF	-0.873352837	TRUE	SE
NOB1;SE:chr16:69783533-69786144:69786274-69788497:-	0.9387034423	134.48	10.69	0.926362196046015	0.073637803953985	-0.85272439209203	0.94905041093	131.2	8.98	0.93593950634898	0.0640604936510201	-0.87187901269796	0.952069013691	131.43	8.5	0.939255341956693	0.0607446580433074	-0.878510683913385	NOB1	-0.867704696233333	TRUE	SE
NOSIP;SE:chr19:50063949-50080016:50080134-50083772:-	0.0270416436059	2.58	97.92	0.0256716417910448	0.974328358208955	0.94865671641791	0.0223667880142	2.34	97.93	0.023336990126658	0.976663009873342	0.953326019746684	0.0369720577797	2.88	90.97	0.0306872669152904	0.96931273308471	0.938625466169419	NOSIP	0.946869400566667	TRUE	SE
NR2C2;SE:chr3:15045493-15046064:15046120-15055096:+	0.497711760269	4.14	4.91	0.457458563535912	0.542541436464088	0.0850828729281768	0.259329684505	2.5	9.2	0.213675213675214	0.786324786324786	0.572649572649573	0.345660009566	3.25	7.14	0.312800769971126	0.687199230028874	0.374398460057748	NR2C2	0.3440436352	TRUE	SE
NSDHL;SE:chrX:151999661-152000178:152000244-152014826:+	0.273355648782	13.06	38.44	0.253592233009709	0.746407766990291	0.492815533980582	0.219767991247	8.58	36.11	0.191989259342135	0.808010740657865	0.616021481315731	0.260034199546	11.3	35.32	0.242385242385242	0.757614757614757	0.515229515229515	NSDHL	0.5413555101	TRUE	SE
NT5C2;SE:chr10:104934739-104940988:104941085-104952993:-	0.277458127313	9.23	29.08	0.240929261289481	0.759070738710519	0.518141477421039	0.312302858363	11.26	31.9	0.260889712696942	0.739110287303058	0.478220574606117	0.221317777371	8.39	31.17	0.212082912032356	0.787917087967644	0.575834175935288	NT5C2	0.5240654092	TRUE	SE
OLAH;SE:chr10:15091764-15098823:15098981-15103723:+	0.448395497644	0.12	0.15	0.444444444444444	0.555555555555555	0.111111111111111	0	0	0.35	0	1	1	0	0	0.59	0	1	1	OLAH	0.703703703666667	TRUE	SE
OSBPL10;SE:chr3:31789612-31871532:31871723-31917925:-	0.967452150442	24.64	1.67	0.93652603572786	0.0634739642721399	-0.87305207145572	0.939424783676	26.95	3.87	0.874432186891629	0.125567813108371	-0.748864373783258	0.962061425112	27.17	1.83	0.936896551724138	0.0631034482758621	-0.873793103448276	OSBPL10	-0.8319031826	TRUE	SE
OTUD6B;SE:chr8:92086139-92088820:92088959-92090584:+	0.0155063538331	0.12	8.3	0.0142517814726841	0.985748218527316	0.971496437054632	0.0199325280226	0.1	10.07	0.00983284169124877	0.990167158308751	0.980334316617502	0	0	8.84	0	1	1	OTUD6B	0.983943584533333	TRUE	SE
PAPSS2;SE:chr10:89475600-89481513:89481527-89487041:+	0	0	73.11	0	1	1	0	0	89.53	0	1	1	0	0	82.52	0	1	1	PAPSS2	1	TRUE	SE
PITPNM3;SE:chr17:6406894-6428676:6428783-6441307:-	0.298229868671	1.84	5.3	0.257703081232493	0.742296918767507	0.484593837535014	0.398002514626	4.32	3.95	0.522370012091898	0.477629987908102	-0.0447400241837969	0.155381193442	1.88	6.21	0.23238566131026	0.76761433868974	0.535228677379481	PITPNM3	0.325027496933333	TRUE	SE
PKIA;SE:chr8:79428703-79485046:79485174-79510593:+	1	3.96	0	1	0	-1	0.88415740064	3.61	0.57	0.863636363636364	0.136363636363636	-0.727272727272727	0.832946819911	3.67	0.86	0.810154525386313	0.189845474613687	-0.620309050772627	PKIA	-0.782527259433333	TRUE	SE
PKP2;SE:chr12:32994139-32996116:32996247-33003700:-	0	0	11.89	0	1	1	0.0173323238659	0.23	14.84	0.0152621101526211	0.984737889847379	0.969475779694758	0.0205424728852	0.24	13.66	0.0172661870503597	0.98273381294964	0.96546762589928	PKP2	0.978314468566667	TRUE	SE
PLEKHA4;SE:chr19:49357521-49360679:49360753-49362117:-	0.663476776192	0.79	0.55	0.58955223880597	0.41044776119403	-0.17910447761194	1	1.03	0	1	0	-1	0.91805027335	1.32	0	1	0	-1	PLEKHA4	-0.726368159333333	TRUE	SE
PLEKHO2;SE:chr15:65134227-65140792:65140941-65147120:+	0.986668151988	14.74	0.23	0.984635938543754	0.0153640614562458	-0.969271877087508	1	15.65	0	1	0	-1	0.977235848225	14.48	0.4	0.973118279569892	0.0268817204301075	-0.946236559139785	PLEKHO2	-0.971836145333333	TRUE	SE
PLOD2;SE:chr3:145794682-145795649:145795711-145796903:-	0.94621104355	101.85	9.65	0.913452914798206	0.0865470852017937	-0.826905829596412	0.921944851579	116.38	14.55	0.888871916291148	0.111128083708852	-0.777743832582296	0.952603360408	120.47	8.33	0.935326086956522	0.0646739130434783	-0.870652173913043	PLOD2	-0.8251006122	TRUE	SE
POMK;SE:chr8:42952758-42957648:42957743-42958671:+	1	1.11	0	1	0	-1	0.724427630074	1.43	0.68	0.677725118483412	0.322274881516588	-0.355450236966825	1	1.78	0	1	0	-1	POMK	-0.785150079	TRUE	SE
POP4;SE:chr19:30099616-30101316:30101539-30102769:+	0.921082320841	47.88	4.15	0.920238324043821	0.0797616759561791	-0.840476648087642	0.937136872026	48.31	3.51	0.932265534542648	0.0677344654573524	-0.864531069085295	0.905981562639	43.02	4.6	0.903401931961361	0.0965980680386392	-0.806803863922722	POP4	-0.837270527033333	TRUE	SE
PPFIA3;SE:chr19:49640168-49641462:49641684-49642925:+	1	1.66	0	1	0	-1	1	1.59	0	1	0	-1	1	1.42	0	1	0	-1	PPFIA3	-1	TRUE	SE
PPIA;SE:chr7:44836392-44838347:44838503-44838846:+	0.032360026307	38.8	1343.08	0.0280776912611804	0.97192230873882	0.943844617477639	0.0276941685339	30.46	1275.44	0.0233249100237384	0.976675089976262	0.953350179952523	0.0333115395935	38.06	1289.35	0.0286723770349779	0.971327622965022	0.942655245930044	PPIA	0.946616681	TRUE	SE
PRKAA1;SE:chr5:40771965-40775030:40775074-40775512:-	0.387858112037	12.15	21.17	0.364645858343337	0.635354141656663	0.270708283313325	0.345091256114	16.06	34.67	0.316577961758328	0.683422038241672	0.366844076483343	0.289130430697	12.41	33.66	0.269372693726937	0.730627306273063	0.461254612546125	PRKAA1	0.366268990833333	TRUE	SE
PRSS35;SE:chr6:84222413-84231254:84231358-84233141:+	1	0.31	0	1	0	-1	0	0	0.15	0	1	1	0	0	0.14	0	1	1	PRSS35	0.333333333333333	TRUE	SE
PTPN1;SE:chr20:49127127-49177900:49177990-49181506:+	0.993260797145	73.99	0.93	0.987586759209824	0.0124132407901762	-0.975173518419648	0.977678952598	84.41	3.26	0.962815102087373	0.0371848979126269	-0.925630204174746	0.987023544876	84.33	1.67	0.980581395348837	0.0194186046511628	-0.961162790697674	PTPN1	-0.953988837733333	TRUE	SE
PXMP4;SE:chr20:32295775-32298361:32298559-32302480:-	0.939703381319	1.64	0.11	0.937142857142857	0.0628571428571429	-0.874285714285714	0.932536152087	1.95	0.32	0.859030837004405	0.140969162995595	-0.718061674008811	0.946296096077	1.61	0.11	0.936046511627907	0.063953488372093	-0.872093023255814	PXMP4	-0.821480137	TRUE	SE
RAB11FIP1;SE:chr8:37728046-37728796:37730697-37732033:-	0.0890590446593	0.36	5.57	0.06070826306914	0.93929173693086	0.87858347386172	0.164176468131	0.92	6.42	0.125340599455041	0.874659400544959	0.749318801089918	0.212443502354	1.08	5.95	0.153627311522048	0.846372688477952	0.692745376955903	RAB11FIP1	0.773549217366667	TRUE	SE
RAB2A;SE:chr8:61429812-61471411:61471482-61484605:+	0.986704969396	47.29	0.7	0.985413627839133	0.0145863721608668	-0.970827255678266	0.992425843007	51.22	0.44	0.991482771970577	0.00851722802942315	-0.982965543941154	0.99640014376	50.74	0	1	0	-1	RAB2A	-0.984597599966667	TRUE	SE
RAB35;SE:chr12:120535177-120536615:120536739-120536834:-	0.97269236118	88.44	2.83	0.968993097403309	0.0310069025966911	-0.937986194806618	0.971392215095	87.93	3.07	0.966263736263736	0.0337362637362637	-0.932527472527473	0.973195075002	83.57	2.73	0.968366164542294	0.0316338354577057	-0.936732329084589	RAB35	-0.9357486655	TRUE	SE
RAB9A;SE:chrX:13707407-13721933:13722021-13726840:+	0.875494520703	36.16	5.81	0.861567786514177	0.138432213485823	-0.723135573028354	0.851536816777	41.57	8.16	0.835913935250352	0.164086064749648	-0.671827870500704	0.908615051464	37.2	4.95	0.882562277580071	0.117437722419929	-0.765124555160142	RAB9A	-0.720029332833333	TRUE	SE
RAC1;SE:chr7:6431672-6438293:6438349-6439757:+	0.00466076527017	1.59	367.18	0.00431163055563088	0.995688369444369	0.991376738888738	0.00197465411988	0.72	394.26	0.00182287710770166	0.998177122892298	0.996354245784597	0.00386373458594	1.67	404.65	0.00411006103563694	0.995889938964363	0.991779877928726	RAC1	0.9931702876	TRUE	SE
RAD51AP1;SE:chr12:4653070-4654948:4654998-4655475:+	0.262838293836	5.21	12.91	0.287527593818985	0.712472406181015	0.424944812362031	0.278832747045	4.76	14.57	0.246249353336782	0.753750646663218	0.507501293326436	0.339764620331	6.53	12.55	0.342243186582809	0.657756813417191	0.315513626834381	RAD51AP1	0.415986577433333	TRUE	SE
RBM5;SE:chr3:50137484-50137965:50138038-50140516:+	0.999999994093	21.64	4.42	0.830391404451266	0.169608595548734	-0.660782808902533	0.996864155033	22.17	7.5	0.747219413549039	0.252780586450961	-0.494438827098079	0.999999993972	23.3	5.63	0.805392326304874	0.194607673695126	-0.610784652609748	RBM5	-0.588668763033333	TRUE	SE
RITA1;SE:chr12:113623826-113623990:113624121-113624488:+	0.954392551526	62.14	4.3	0.935279951836243	0.0647200481637568	-0.870559903672486	0.978809893704	64.36	1.57	0.976186864856666	0.0238131351433338	-0.952373729713332	0.931295736392	58.91	5.85	0.909666460778258	0.0903335392217418	-0.819332921556516	RITA1	-0.880755518566667	TRUE	SE
RMND1;SE:chr6:151757689-151766443:151766960-151773151:-	0.826600406189	17.92	9.26	0.659308314937454	0.340691685062546	-0.318616629874908	0.885977503673	17.3	9.07	0.656048540007584	0.343951459992416	-0.312097080015169	0.769800950804	14.28	9.65	0.596740493104889	0.403259506895111	-0.193480986209778	RMND1	-0.274731565333333	TRUE	SE
ROGDI;SE:chr16:4850579-4851268:4851322-4851504:-	0.826149730414	2.67	0.37	0.878289473684211	0.121710526315789	-0.756578947368421	0.891858980103	2.83	0.51	0.847305389221557	0.152694610778443	-0.694610778443114	0.485146530274	1.82	2.27	0.444987775061125	0.555012224938875	0.110024449877751	ROGDI	-0.4470550918	TRUE	SE
RPF2;SE:chr6:111306341-111310231:111310268-111312950:+	1	35.46	0	1	0	-1	1	38.53	0	1	0	-1	0.990921473978	39.05	0.34	0.991368367605991	0.00863163239400863	-0.982736735211983	RPF2	-0.994245578333333	TRUE	SE
RPLP1;SE:chr15:69745359-69745986:69746060-69747509:+	0.993036303171	5746.59	51.79	0.991068194909613	0.00893180509038731	-0.982136389819225	0.994426956053	5741.21	43.16	0.992538513269379	0.00746148673062062	-0.985077026538759	0.995433872071	5689.23	33.77	0.994099248645815	0.00590075135418487	-0.98819849729163	RPLP1	-0.9851373045	TRUE	SE
RRAGB;SE:chrX:55748718-55753740:55753823-55755727:+	0.150276915438	0.54	3.69	0.127659574468085	0.872340425531915	0.74468085106383	0	0	5.15	0	1	1	0.0474403686422	0.2	5.2	0.037037037037037	0.962962962962963	0.925925925925926	RRAGB	0.890202259	TRUE	SE
RSU1;SE:chr10:16824083-16858972:16859083-16859314:-	0.703858012228	38.23	16.85	0.694081336238199	0.305918663761801	-0.388162672476398	0.744921565156	44.68	16.18	0.734143936904371	0.265856063095629	-0.468287873808741	0.719261309563	43.26	17.06	0.717175066312997	0.282824933687003	-0.434350132625995	RSU1	-0.430266892933333	TRUE	SE
S100A4;SE:chr1:153517285-153517946:153517994-153518229:-	0.0516380037468	0.62	13.3	0.0445402298850575	0.955459770114943	0.910919540229885	0	0.75	16.34	0.0438853130485664	0.956114686951434	0.912229373902867	0.155035886216	1.45	11.58	0.11128165771297	0.88871834228703	0.77743668457406	S100A4	0.8668618663	TRUE	SE
SAP130;SE:chr2:128712918-128735559:128735663-128744359:-	0.688760798109	11.78	7.93	0.597666159309995	0.402333840690005	-0.19533231861999	0.687970334155	14.21	8.55	0.624340949033392	0.375659050966608	-0.248681898066784	0.697432681085	14.16	8.91	0.613784135240572	0.386215864759428	-0.227568270481144	SAP130	-0.223860829033333	TRUE	SE
SCAMP3;SE:chr1:155230450-155231448:155231525-155231877:-	0.823151287702	110.87	27.81	0.799466397461782	0.200533602538217	-0.598932794923565	0.855302815341	113.33	21.91	0.837991718426501	0.162008281573499	-0.675983436853002	0.844105826851	115.22	23.4	0.831193190015871	0.168806809984129	-0.662386380031741	SCAMP3	-0.6457675373	TRUE	SE
SCAPER;SE:chr15:77067458-77085574:77085732-77087621:-	0	0	2.06	0	1	1	0	0	2.3	0	1	1	0	0.1	2.39	0.0401606425702811	0.959839357429719	0.919678714859438	SCAPER	0.973226238333333	TRUE	SE
SCARB1;SE:chr12:125263132-125267229:125267357-125270903:-	0.925151615957	52.94	6.57	0.889598386825744	0.110401613174256	-0.779196773651487	0.903858753574	45.47	9.65	0.824927431059506	0.175072568940493	-0.649854862119013	0.903165079588	52.05	7.99	0.866922051965356	0.133077948034644	-0.733844103930713	SCARB1	-0.7209652467	TRUE	SE
SCNN1D;SE:chr1:1219470-1220951:1221044-1221306:+	0	0	0.82	0	1	1	0	0	0.6	0	1	1	0	0	0.58	0	1	1	SCNN1D	1	TRUE	SE
SDHA;SE:chr5:224636-225534:225677-225998:+	0.998628791666	142.8	3.53	0.975876443654753	0.024123556345247	-0.951752887309506	0.998754875365	140.87	3.5	0.975756736164023	0.024243263835977	-0.951513472328046	0.997438837696	142.15	2.35	0.983737024221453	0.0162629757785467	-0.967474048442907	SDHA	-0.9569134691	TRUE	SE
SERAC1;SE:chr6:158537314-158538759:158538853-158540061:-	0.853870353321	3.23	0.61	0.841145833333333	0.158854166666667	-0.682291666666667	0.879489547878	3.65	0.44	0.892420537897311	0.107579462102689	-0.784841075794621	0.942726256736	3.61	0.2	0.94750656167979	0.05249343832021	-0.89501312335958	SERAC1	-0.787381955266667	TRUE	SE
SERPINH1;SE:chr11:75273364-75274772:75274815-75277361:+	0.00827960255115	1.38	196.41	0.00697709692097679	0.993022903079023	0.986045806158046	0	0	187.54	0	1	1	0.00419522364721	0.68	196.49	0.00344880052746361	0.996551199472536	0.993102398945073	SERPINH1	0.993049401666667	TRUE	SE
SETD5;SE:chr3:9470693-9471511:9471735-9475529:+	0.536682160633	5.1	7.07	0.419063270336894	0.580936729663106	0.161873459326212	0.465071914282	5.33	10.63	0.333959899749373	0.666040100250627	0.332080200501253	0.454881051241	5.44	8.8	0.382022471910112	0.617977528089888	0.235955056179775	SETD5	0.243302905166667	TRUE	SE
SFXN4;SE:chr10:120900831-120901765:120901885-120905748:-	0.206049275378	8.85	33.68	0.208088408182459	0.791911591817541	0.583823183635081	0.105368209015	9.84	31.24	0.239532619279455	0.760467380720545	0.520934761441091	0.231586705068	8.73	31.85	0.215130606209956	0.784869393790044	0.569738787580089	SFXN4	0.5581655778	TRUE	SE
SGSM2;SE:chr17:2268635-2270565:2270699-2274556:+	0.301342838489	1.99	5.39	0.269647696476965	0.730352303523035	0.46070460704607	0.291687528256	1.72	4.86	0.261398176291793	0.738601823708207	0.477203647416413	0.403254651941	2.65	5.05	0.344155844155844	0.655844155844156	0.311688311688312	SGSM2	0.4165321888	TRUE	SE
SH2D5;SE:chr1:21054096-21054451:21054579-21058674:-	0.711554491175	4.31	6.2	0.410085632730733	0.589914367269267	0.179828734538535	0.521775882873	3.39	5.57	0.378348214285714	0.621651785714286	0.243303571428571	0.710913873542	3.26	5.75	0.361820199778024	0.638179800221976	0.276359600443951	SH2D5	0.2331639688	TRUE	SE
SHARPIN;SE:chr8:145153897-145153984:145154108-145154180:-	0.902758928161	43.87	4.5	0.906967128385363	0.0930328716146372	-0.813934256770726	0.929431025877	39.9	3.11	0.927691234596605	0.0723087654033946	-0.855382469193211	0.921075429122	41.7	2.78	0.9375	0.0625	-0.875	SHARPIN	-0.8481055754	TRUE	SE
SLC16A6;SE:chr17:66274468-66279138:66279264-66287227:-	0.18517043433	13.32	67.82	0.164160709884151	0.835839290115849	0.671678580231698	0.196860987732	16.24	82.24	0.164906580016247	0.835093419983753	0.670186839967506	0.204788123314	15.31	74.32	0.170813343746513	0.829186656253487	0.658373312506973	SLC16A6	0.666746244333333	TRUE	SE
SLC17A9;SE:chr20:61584241-61584563:61584624-61588117:+	0.153275579892	3.92	26.14	0.130405854956753	0.869594145043247	0.739188290086494	0.0870841587161	2.05	27.91	0.0684245660881175	0.931575433911882	0.863150867823765	0.0967318651466	2.76	28.19	0.0891760904684976	0.910823909531502	0.821647819063005	SLC17A9	0.807995658933333	TRUE	SE
SLC25A12;SE:chr2:172701018-172712344:172712459-172725191:-	1	16.43	0	1	0	-1	1	17.9	0.32	0.982436882546652	0.017563117453348	-0.964873765093304	1	18.21	0	1	0	-1	SLC25A12	-0.988291255033333	TRUE	SE
SLC37A2;SE:chr11:124955914-124956100:124956156-124958015:+	0	0	37.15	0	1	1	0.00645514107706	0.22	36.05	0.00606561896884478	0.993934381031155	0.987868762062311	0.00666343400541	0.21	34.92	0.00597779675491033	0.99402220324509	0.988044406490179	SLC37A2	0.991971056033333	TRUE	SE
SLC39A6;SE:chr18:33704663-33706182:33706979-33709077:-	1	44.5	0	1	0	-1	1	54.71	0	1	0	-1	0.997219305507	52.95	0	1	0	-1	SLC39A6	-1	TRUE	SE
SLC46A1;SE:chr17:26727783-26729256:26729339-26731634:-	0.907878273871	3.07	0.37	0.892441860465116	0.107558139534884	-0.784883720930233	1	3.56	0	1	0	-1	1	3.47	0	1	0	-1	SLC46A1	-0.928294573666667	TRUE	SE
SLC4A5;SE:chr2:74454257-74454644:74454691-74454937:-	0	0	0.67	0	1	1	0	0	0.65	0	1	1	0	0	0.88	0	1	1	SLC4A5	1	TRUE	SE
SLC9A1;SE:chr1:27436268-27440317:27440777-27480474:-	1	12.12	0	1	0	-1	1	11.44	0	1	0	-1	1	11.03	1.57	0.875396825396825	0.124603174603175	-0.750793650793651	SLC9A1	-0.916931217	TRUE	SE
SMA4;SE:chr5:69438272-69492705:69492797-69493082:-	0.645358891551	0.64	0	1	0	-1	1	1.51	0	1	0	-1	1	1.55	0	1	0	-1	SMA4	-1	TRUE	SE
SMC6;SE:chr2:17927218-17934245:17934331-17934893:-	0.357194634106	4.13	11.09	0.271353482260184	0.728646517739816	0.457293035479632	0.322477855531	6.25	14.57	0.300192122958694	0.699807877041306	0.399615754082613	0.207706179602	3.31	14.07	0.190448791714615	0.809551208285386	0.619102416570771	SMC6	0.492003735366667	TRUE	SE
SMPDL3A;SE:chr6:123110603-123116822:123117035-123117969:+	0.794559796345	2.61	0.95	0.73314606741573	0.26685393258427	-0.466292134831461	1	4.31	0	1	0	-1	1	3.17	0.27	0.921511627906977	0.0784883720930233	-0.843023255813953	SMPDL3A	-0.769771797	TRUE	SE
SNRPD2;SE:chr19:46191824-46192491:46192605-46195145:-	0.0104025340184	5.01	530.37	0.00935783929171803	0.990642160708282	0.981284321416564	0.0109230868702	5.5	572.56	0.00951458326125316	0.990485416738747	0.980970833477494	0.0102417005841	5.07	549.6	0.00914057006868949	0.99085942993131	0.981718859862621	SNRPD2	0.9813246715	TRUE	SE
SPATC1L;SE:chr21:47588572-47602538:47603688-47604270:-	0.00255579677896	0.05	23.21	0.00214961306964746	0.997850386930353	0.995700773860705	0.00255546490258	0	24.05	0	1	1	0	0	26.4	0	1	1	SPATC1L	0.998566924666667	TRUE	SE
SRP14;SE:chr15:40329219-40329510:40329549-40330483:-	0.0154628673268	4.89	441.21	0.0109616677874916	0.989038332212508	0.978076664425017	0.0165598523799	3.91	466.53	0.0083113680809455	0.991688631919054	0.983377263838109	0.00708449744761	4.23	477.17	0.00878687162442875	0.991213128375571	0.982426256751142	SRP14	0.981293394933333	TRUE	SE
SRP9;SE:chr1:225971070-225974564:225974687-225976942:+	0.0626244706188	18.23	353.53	0.0490370131267484	0.950962986873252	0.901925973746503	0.0758766183523	23.52	366.15	0.0603587651089383	0.939641234891062	0.879282469782123	0.0747117428715	23.71	382.28	0.0584004532131333	0.941599546786867	0.883199093573733	SRP9	0.888135845933333	TRUE	SE
SRSF6;SE:chr20:42087149-42087793:42088060-42088411:+	0.038684637006	3.42	99.95	0.0330850343426526	0.966914965657347	0.933829931314695	0.0379462788089	3.08	116.18	0.0258259265470401	0.97417407345296	0.94834814690592	0.0393624449979	3.59	115.39	0.0301731383425786	0.969826861657421	0.939653723314843	SRSF6	0.9406106003	TRUE	SE
STX2;SE:chr12:131276522-131280540:131280665-131283070:-	0.168524051635	2.02	12.48	0.139310344827586	0.860689655172414	0.721379310344828	0.216425034956	3.24	13.46	0.194011976047904	0.805988023952096	0.611976047904191	0.212146822054	2.88	12.83	0.183322724379376	0.816677275620624	0.633354551241248	STX2	0.655569969633333	TRUE	SE
SUMO2;SE:chr17:73164496-73170847:73170918-73177152:-	0.996417058078	847	3.05	0.996411975766131	0.0035880242338686	-0.992823951532263	0.998698477776	899.5	1.26	0.998601181224744	0.00139881877525645	-0.997202362449487	0.997403383207	899.05	1.76	0.998046202861869	0.00195379713813124	-0.996092405723737	SUMO2	-0.9953729068	TRUE	SE
SURF1;SE:chr9:136221812-136223124:136223175-136223276:-	1	13.08	0	1	0	-1	1	14.1	0	1	0	-1	1	14.75	0	1	0	-1	SURF1	-1	TRUE	SE
SWAP70;SE:chr11:9715833-9735013:9735186-9746205:+	1	29.77	1.83	0.942088607594937	0.0579113924050633	-0.884177215189873	0.981624322832	37.8	2.99	0.926697720029419	0.073302279970581	-0.853395440058838	1	36.29	2.3	0.940399067115833	0.0596009328841669	-0.880798134231666	SWAP70	-0.872790263033333	TRUE	SE
SYF2;SE:chr1:25554726-25555489:25555614-25558595:-	0.981781622821	42.34	0.71	0.983507549361208	0.0164924506387921	-0.967015098722416	0.992403579832	44.92	0.36	0.992049469964664	0.00795053003533569	-0.984098939929329	0.9797230134	43.75	1.03	0.976998660116123	0.0230013398838767	-0.953997320232246	SYF2	-0.968370452966667	TRUE	SE
TBC1D23;SE:chr3:100029386-100030677:100030721-100034943:+	0.847676748483	12.89	2.45	0.840286831812256	0.159713168187744	-0.680573663624511	0.882421279918	16	2.19	0.879604178119846	0.120395821880154	-0.759208356239692	0.848178602467	15.12	2.89	0.83953359244864	0.16046640755136	-0.679067184897279	TBC1D23	-0.7062830684	TRUE	SE
TBC1D24;SE:chr16:2547114-2547711:2547728-2548239:+	0	0	6.89	0	1	1	0.0575125418667	0.42	6.76	0.0584958217270195	0.94150417827298	0.883008356545961	0	0	6.54	0	1	1	TBC1D24	0.9610027855	TRUE	SE
TBC1D31;SE:chr8:124142573-124146354:124146446-124153001:+	0.692942299802	8.24	2.96	0.735714285714286	0.264285714285714	-0.471428571428571	0.570369785701	7.84	5.35	0.594389689158453	0.405610310841547	-0.188779378316907	0.47712581102	6.92	6.88	0.501449275362319	0.498550724637681	-0.00289855072463763	TBC1D31	-0.2210355001	TRUE	SE
TBC1D9B;SE:chr5:179292888-179294445:179294495-179294778:-	0.0871106377327	1.94	24.44	0.0735405610310841	0.926459438968916	0.852918877937832	0.0801945102912	2.06	24.17	0.0785360274494853	0.921463972550515	0.842927945101029	0.0604521849222	1.53	25.26	0.0571108622620381	0.942889137737962	0.885778275475924	TBC1D9B	0.860541699366667	TRUE	SE
TBP;SE:chr6:170863551-170865970:170866171-170870879:+	1	16.55	0	1	0	-1	1	17.82	0	1	0	-1	1	19.18	0	1	0	-1	TBP	-1	TRUE	SE
TCERG1;SE:chr5:145843356-145847904:145847966-145849107:+	0.227363787511	5.27	20.12	0.20756203229618	0.79243796770382	0.584875935407641	0.226889274485	6.68	26.5	0.201326100060277	0.798673899939723	0.597347799879445	0.277437498324	8.11	22.77	0.262629533678756	0.737370466321243	0.474740932642487	TCERG1	0.552321555966667	TRUE	SE
TCF20;SE:chr22:42557364-42564615:42564742-42565853:-	0.181492075065	1.29	6.45	0.166666666666667	0.833333333333333	0.666666666666667	0.0255979402208	0.22	8.24	0.0260047281323877	0.973995271867612	0.947990543735225	0.189949939221	1.35	6.58	0.170239596469105	0.829760403530895	0.659520807061791	TCF20	0.758059339233333	TRUE	SE
TERF1;SE:chr8:73939287-73942571:73942630-73944277:+	0.16379396557	2.66	16.91	0.135922330097087	0.864077669902913	0.728155339805825	0.156852043216	2.77	18.21	0.132030505243089	0.867969494756911	0.735938989513823	0.00917939612738	1.1	20.18	0.0516917293233083	0.948308270676692	0.896616541353383	TERF1	0.7869036235	TRUE	SE
TFIP11;SE:chr22:26906668-26907085:26907161-26908065:-	0.0266886097534	0.87	36.01	0.023590021691974	0.976409978308026	0.952819956616052	0.0154497018337	0.43	34.59	0.0122786978869218	0.987721302113078	0.975442604226157	0.0709309442693	2.19	35.97	0.0573899371069182	0.942610062893082	0.885220125786164	TFIP11	0.9378275624	TRUE	SE
TGFBR2;SE:chr3:30648469-30664691:30664765-30686239:+	0.203207970427	14.19	67.04	0.174689154253355	0.825310845746645	0.650621691493291	0.196592869402	17.1	81.87	0.172779630190967	0.827220369809033	0.654440739618066	0.208905722308	18.21	79.93	0.185551253311596	0.814448746688404	0.628897493376809	TGFBR2	0.644653307866667	TRUE	SE
TGM5;SE:chr15:43548884-43552250:43552495-43552598:-	0	0	0.65	0	1	1	0	0	0.9	0	1	1	0	0	0.75	0	1	1	TGM5	1	TRUE	SE
THOC6;SE:chr16:3077281-3077367:3077501-3077578:+	0.980377273383	42.73	0.73	0.983202945237	0.0167970547630005	-0.966405890473999	0.980314897243	43.74	0	1	0	-1	1	43.34	0	1	0	-1	THOC6	-0.988801963333333	TRUE	SE
TIA1;SE:chr2:70454954-70456191:70456223-70456396:-	1	8.69	0	1	0	-1	0.960303837737	9.44	0.46	0.953535353535353	0.0464646464646465	-0.907070707070707	0.765787163583	6.72	2.21	0.752519596864502	0.247480403135498	-0.505039193729003	TIA1	-0.8040366337	TRUE	SE
TIMM17B;SE:chrX:48752384-48752635:48752784-48754042:-	0.102297066245	4.25	56.04	0.0704926190081274	0.929507380991873	0.859014761983745	0.0843162232273	4.15	55.2	0.0699241786015164	0.930075821398484	0.860151642796967	0.0972306915911	4.3	54.89	0.0726474066565298	0.92735259334347	0.85470518668694	TIMM17B	0.857957197266667	TRUE	SE
TIMM8B;SE:chr11:111956186-111956702:111957034-111957364:-	0.26784634603	18.26	62.58	0.225878278080158	0.774121721919842	0.548243443839683	0.296673617942	17.25	51.39	0.251311188811189	0.748688811188811	0.497377622377622	0.29283891561	18.15	55.97	0.24487317862925	0.75512682137075	0.5102536427415	TIMM8B	0.518624903133333	TRUE	SE
TMEM11;SE:chr17:21102153-21114249:21114540-21117404:-	0.136654503867	8.02	70.32	0.102374266019913	0.897625733980087	0.795251467960174	0.112606439573	6.44	68.65	0.0857637501664669	0.914236249833533	0.828472499667066	0.153290921857	9.58	71.61	0.117994826949132	0.882005173050868	0.764010346101737	TMEM11	0.7959114379	TRUE	SE
TMEM165;SE:chr4:56262563-56269403:56269505-56277781:+	0	0	51.2	0	1	1	0	0	50.01	0	1	1	0.0131661892897	0.27	47.41	0.00566275167785235	0.994337248322148	0.988674496644295	TMEM165	0.996224832333333	TRUE	SE
TMEM206;SE:chr1:212583863-212587240:212587422-212588064:-	0	0	28.89	0	1	1	0.00994920391022	0.25	30.9	0.00802568218298555	0.991974317817014	0.983948635634029	0.0135708818765	0.4	33.11	0.0119367353028947	0.988063264697105	0.976126529394211	TMEM206	0.986691721533333	TRUE	SE
TMEM2;SE:chr9:74347436-74349722:74349910-74354979:-	0.911342714141	9.91	2.48	0.799838579499596	0.200161420500404	-0.599677158999193	0.906988288657	15.49	2.87	0.843681917211329	0.156318082788671	-0.687363834422658	0.876903214411	12.94	3.34	0.794840294840295	0.205159705159705	-0.58968058968059	TMEM2	-0.625573861133333	TRUE	SE
TMEM30A;SE:chr6:75975054-75977357:75977464-75994118:-	0.9846697143	39.53	0.66	0.983578004478726	0.0164219955212739	-0.967156008957452	0.995630594235	50.07	0	1	0	-1	0.995371497033	49.16	0.28	0.994336569579288	0.00566343042071197	-0.988673139158576	TMEM30A	-0.985276382666667	TRUE	SE
TMOD2;SE:chr15:52073371-52074918:52075025-52090394:+	0	0	0.13	0	1	1	0.16571613804	0.14	0.02	0.875	0.125	-0.75	1	0.09	0	1	0	-1	TMOD2	-0.25	TRUE	SE
TOPORS;SE:chr9:32544324-32550772:32550966-32552432:-	0.638068775122	10.88	13.52	0.445901639344262	0.554098360655738	0.108196721311475	0.462910564869	8.69	20.07	0.302155771905424	0.697844228094576	0.395688456189152	0.482927716872	9.56	19.3	0.331254331254331	0.668745668745669	0.337491337491337	TOPORS	0.280458838066667	TRUE	SE
TRA2B;SE:chr3:185643414-185644389:185644522-185655613:-	0.960245277819	98.13	4.46	0.956525977190759	0.0434740228092407	-0.913051954381519	0.972338889252	105.81	3.8	0.9653316303257	0.0346683696742998	-0.9306632606514	0.965106168159	106.13	4.44	0.959844442434657	0.0401555575653432	-0.919688884869314	TRA2B	-0.9211346999	TRUE	SE
TRAF6;SE:chr11:36523087-36523269:36523361-36531598:-	0	0	4.23	0	1	1	0	0	4.83	0	1	1	0	0	4.77	0	1	1	TRAF6	1	TRUE	SE
TRAP1;SE:chr16:3739138-3740828:3740986-3767422:-	1	163.05	0	1	0	-1	1	162.13	0	1	0	-1	1	153.2	0	1	0	-1	TRAP1	-1	TRUE	SE
TRIM54;SE:chr2:27522284-27522398:27522523-27527827:+	0	0	0.58	0	1	1	0	0	0.35	0	1	1	0.408026585317	0.21	0.32	0.39622641509434	0.60377358490566	0.207547169811321	TRIM54	0.735849056666667	TRUE	SE
TRIM65;SE:chr17:73887428-73887894:73887959-73888092:-	0.891949221961	12.86	5.22	0.711283185840708	0.288716814159292	-0.422566371681416	0.84487118512	12.28	5.34	0.696935300794552	0.303064699205448	-0.393870601589103	0.944148985146	16.97	1.39	0.924291938997821	0.0757080610021787	-0.848583877995643	TRIM65	-0.555006950533333	TRUE	SE
TRPC1;SE:chr3:142455375-142462327:142462428-142467100:+	0	0	0.97	0	1	1	0	0	1.04	0	1	1	0	0	1.05	0	1	1	TRPC1	1	TRUE	SE
TSPAN9;SE:chr12:3186619-3192819:3192885-3310343:+	0.920655988853	11.86	1.33	0.899166034874905	0.100833965125095	-0.79833206974981	0.741073979443	8.51	4.47	0.655624036979969	0.344375963020031	-0.311248073959938	0.999999977495	12.21	0	1	0	-1	TSPAN9	-0.703193381333333	TRUE	SE
TULP4;SE:chr6:158919844-158922710:158925210-158927610:+	0.71691557225	0.81	0.68	0.543624161073825	0.456375838926174	-0.087248322147651	0.979338649978	1.4	0.64	0.686274509803921	0.313725490196078	-0.372549019607843	0.999999998061	1.07	0.63	0.629411764705882	0.370588235294118	-0.258823529411765	TULP4	-0.2395402902	TRUE	SE
UBA3;SE:chr3:69127069-69129263:69129304-69129485:-	0.780379840523	39.54	11.17	0.779727864326563	0.220272135673437	-0.559455728653126	0.69791507876	39.39	18.23	0.683616799722319	0.316383200277681	-0.367233599444637	0.763015315504	42.44	14.61	0.743908851884312	0.256091148115688	-0.487817703768624	UBA3	-0.471502344133333	TRUE	SE
UBE2D1;SE:chr10:60121161-60121255:60121286-60123369:+	0.753299956652	13.45	4.69	0.741455347298787	0.258544652701213	-0.482910694597574	0.867985164693	16.32	2.81	0.853110297961317	0.146889702038683	-0.706220595922635	0.860494450411	15.67	2.66	0.854882705946536	0.145117294053464	-0.709765411893072	UBE2D1	-0.632965567633333	TRUE	SE
UBE4B;SE:chr1:10165802-10166255:10166641-10177517:+	0.0533521959312	0.82	19.33	0.0406947890818859	0.959305210918114	0.918610421836228	0.0299367083564	0.56	23.8	0.0229885057471264	0.977011494252874	0.954022988505747	0.0135361781619	0.25	22.47	0.0110035211267606	0.988996478873239	0.977992957746479	UBE4B	0.9502087895	TRUE	SE
USP14;SE:chr18:166819-178933:179037-180236:+	0.972901365112	41.89	1.4	0.967659967659968	0.0323400323400323	-0.935319935319935	0.963652721108	46.53	2.35	0.951923076923077	0.0480769230769231	-0.903846153846154	0.946956973533	45.66	3.24	0.933742331288343	0.0662576687116564	-0.867484662576687	USP14	-0.902216917266667	TRUE	SE
VPS37A;SE:chr8:17104878-17123416:17123490-17125767:+	0.97789528129	13.81	0.59	0.959027777777778	0.0409722222222222	-0.918055555555556	0.942995766811	14.16	1.07	0.929743926460932	0.0702560735390676	-0.859487852921865	1	16.29	0	1	0	-1	VPS37A	-0.925847802966667	TRUE	SE
WASF2;SE:chr1:27734840-27736186:27736700-27739066:-	1	34.38	7.99	0.811423176776021	0.188576823223979	-0.622846353552041	0.995207275417	48.25	1.27	0.97435379644588	0.0256462035541195	-0.948707592891761	1	48.53	0	1	0	-1	WASF2	-0.857184648966667	TRUE	SE
WDR35;SE:chr2:20160375-20162056:20162088-20166485:-	0	0	13.56	0	1	1	0	0	15.78	0	1	1	0	0	15.48	0	1	1	WDR35	1	TRUE	SE
WDR7;SE:chr18:54426184-54444013:54444111-54446662:+	0	0	2.13	0	1	1	0	0	2.86	0	1	1	0	0	2.34	0	1	1	WDR7	1	TRUE	SE
XPA;SE:chr9:100437869-100444482:100444712-100447205:-	0.0189241322704	0.28	14.95	0.0183847669074196	0.98161523309258	0.963230466185161	0	0	16.57	0	1	1	0.0173233569575	0.23	15.44	0.0146777281429483	0.985322271857052	0.970644543714103	XPA	0.977958336666667	TRUE	SE
XPO6;SE:chr16:28192352-28220308:28220443-28222687:-	0.0138177436576	1.21	87.42	0.0136522622136974	0.986347737786303	0.972695475572605	0.0205559925702	1.45	87.89	0.0162301320796955	0.983769867920304	0.967539735840609	0.028032100772	3.07	86.34	0.0343362040040264	0.965663795995974	0.931327591991947	XPO6	0.957187601266667	TRUE	SE
YJEFN3;SE:chr19:19639800-19640173:19640322-19643441:+	0	0	0.85	0	1	1	0	0	0.88	0	1	1	0	0	1.04	0	1	1	YJEFN3	1	TRUE	SE
ZBTB40;SE:chr1:22778497-22779152:22779439-22816373:+	0	0	2.71	0	1	1	0.0756397532376	0.2	3.15	0.0597014925373134	0.940298507462687	0.880597014925373	0	0	3.2	0	1	1	ZBTB40	0.960199004966667	TRUE	SE
ZBTB43;SE:chr9:129567411-129571072:129571194-129594766:+	0.764524952905	4.76	2.27	0.677098150782361	0.322901849217639	-0.354196301564723	0.905215851088	8.2	1.17	0.875133404482391	0.124866595517609	-0.750266808964781	1	8.26	0	1	0	-1	ZBTB43	-0.701487703666667	TRUE	SE
ZDHHC13;SE:chr11:19138823-19164525:19164670-19167728:+	0.857338209626	7.88	2.61	0.751191611058151	0.248808388941849	-0.502383222116301	0.909101963607	10.15	1.67	0.858714043993232	0.141285956006768	-0.717428087986464	0.940874226706	10.69	1.12	0.905165114309907	0.0948348856900932	-0.810330228619814	ZDHHC13	-0.676713846333333	TRUE	SE
ZFP62;SE:chr5:180278493-180278988:180279060-180288219:-	0.712148310846	0	1.58	0	1	1	1	0	1.28	0	1	1	1	0	1.78	0	1	1	ZFP62	1	TRUE	SE
ZFYVE9;SE:chr1:52729544-52732327:52732503-52734135:+	1	6.78	0	1	0	-1	1	7.06	0.7	0.90979381443299	0.0902061855670103	-0.819587628865979	0.949589415857	6.31	0.54	0.921167883211679	0.0788321167883212	-0.842335766423358	ZFYVE9	-0.8873077983	TRUE	SE
ZNF497;SE:chr19:58869015-58869855:58869951-58874043:-	0	0	0.56	0	1	1	0	0	0.55	0	1	1	0	0	0.63	0	1	1	ZNF497	1	TRUE	SE
ZNF506;SE:chr19:19906469-19916840:19916935-19917751:-	1	2.65	0	1	0	-1	1	3.18	0	1	0	-1	1	2.77	0	1	0	-1	ZNF506	-1	TRUE	SE
ZNF548;SE:chr19:57901482-57905556:57905591-57908416:+	1	1.91	0	1	0	-1	1	2.25	0	1	0	-1	1	1.98	0	1	0	-1	ZNF548	-1	TRUE	SE
ZNF76;SE:chr6:35260821-35261528:35261692-35262233:+	0.877959398282	18.17	3.65	0.832722273143905	0.167277726856095	-0.665444546287809	0.711946031841	13.26	6.67	0.665328650275966	0.334671349724034	-0.330657300551932	0.855082995928	19.34	4.15	0.823329076202639	0.176670923797361	-0.646658152405279	ZNF76	-0.5475866662	TRUE	SE
ZNF805;SE:chr19:57752289-57755291:57755417-57759973:+	1	0.87	0.03	0.966666666666667	0.0333333333333333	-0.933333333333333	1	0.88	0	1	0	-1	1	0.83	0	1	0	-1	ZNF805	-0.977777777666667	TRUE	SE
ZNF91;SE:chr19:23545527-23556544:23556639-23557440:-	1	1.02	0	1	0	-1	1	1.24	0	1	0	-1	0.999999977751	1.12	0.18	0.861538461538462	0.138461538461538	-0.723076923076923	ZNF91	-0.907692307666667	TRUE	SE
ZSCAN16-AS1;SE:chr6:28090989-28093401:28093597-28104523:-	0.0249214587487	0.09	3.73	0.0235602094240838	0.976439790575916	0.952879581151832	0.0246961014951	0	4.27	0	1	1	0.0300428878475	0.12	4.13	0.0282352941176471	0.971764705882353	0.943529411764706	ZSCAN16-AS1	0.965469664333333	TRUE	SE
